Interrupt selected
 Please press PB0 to continue
2,1,0,12,48539,0
4,2,0,13,33749,2463
6,3,0,8,57481,7
8,4,0,19,64929,0
10,5,0,18,32194,0
12,6,0,11,11782,0
14,7,0,26,52982,0
16,8,0,15,41040,0
18,9,0,30,30462,0
20,10,0,38,20077,0
22,11,0,16,12694,0
24,12,0,18,4806,0
26,13,0,21,2491,0
28,14,0,50,61221,0
30,15,0,28,56252,0
32,16,0,31,51729,0
34,17,0,55,49883,0
36,18,0,44,46415,0
38,19,0,44,45312,0
40,20,0,42,40818,0
42,21,0,60,39274,0
44,22,0,62,37005,0
46,23,0,52,35713,0
48,24,0,49,35993,0
50,25,0,51,31783,0
52,26,0,41,30990,0
54,27,0,50,28913,0
56,28,0,45,27385,0
58,29,0,56,27213,0
60,30,0,64,25809,0
62,31,0,63,24223,0
64,32,0,76,24120,0
66,33,41,72,22712,0
68,34,0,53,23131,0
70,35,30,87,20946,0
72,36,120,63,26627,0
74,37,530,69,19949,0
76,38,95,88,18703,0
78,39,0,71,17971,0
80,40,122,69,18581,0
82,41,0,76,17008,0
84,42,369,84,19559,0
86,43,159,88,15733,0
88,44,317,100,17643,0
90,45,263,77,16559,0
92,46,175,99,15228,0
94,47,125,94,14014,0
96,48,1,76,13607,0
98,49,321,69,13335,0
100,50,630,68,13073,0
102,51,915,84,12821,0
104,52,1179,85,12579,0
106,53,1461,67,12347,0
108,54,1730,94,15577,0
110,55,1982,101,17847,0
112,56,2191,121,13167,0
114,57,356,88,9860,0
116,58,110,108,10127,0
118,59,322,106,10001,0
120,60,570,106,9838,0
122,61,807,93,9679,0
124,62,1057,102,9525,0
126,63,1249,104,9376,0
128,64,1506,116,10173,0
130,65,706,122,8461,0
132,66,932,111,8531,0
134,67,1148,119,8758,0
136,68,805,117,8084,0
138,69,658,137,8864,0
140,70,450,132,8156,0
142,71,303,124,7172,0
144,72,38,141,6850,0
146,73,120,108,6758,0
148,74,321,108,6668,0
150,75,530,106,6580,0
152,76,721,106,6495,0
154,77,915,122,6411,0
156,78,1091,121,6330,0
158,79,1250,119,6252,0
160,80,1461,106,6174,0
162,81,1619,108,6099,0
164,82,1779,106,6025,0
166,83,1983,119,5953,0
168,84,2087,120,5883,0
170,85,2283,107,5815,0
172,86,2462,119,5749,0
174,87,2602,119,5682,0
176,88,2749,120,5618,0
178,89,2777,120,5556,0
180,90,3005,118,5495,0
182,91,3140,119,5435,0
184,92,3280,106,5377,0
186,93,3429,105,5320,0
188,94,3507,103,5264,0
190,95,3644,104,5209,0
192,96,3765,120,5155,0
194,97,3869,104,5103,0
196,98,3967,118,5051,0
198,99,4159,104,5001,0
200,100,4242,119,4951,0
202,101,4323,118,4902,0
204,102,4479,102,4855,0
206,103,4628,118,4808,0
208,104,4761,118,4762,0
210,105,4864,116,4717,0
212,106,4917,116,4673,0
214,107,5014,119,4630,0
216,108,5158,106,4588,0
218,109,5266,165,6922,0
220,110,5366,210,8683,0
222,111,5470,213,8775,0
224,112,5557,217,6239,0
226,113,5637,221,5016,0
228,114,2197,167,2199,0
230,115,2271,168,2176,0
232,116,2462,179,2458,0
234,117,2670,157,2763,0
236,118,2801,165,2802,0
238,119,2892,164,2779,0
240,120,2983,162,2755,0
242,121,3095,155,2733,0
244,122,3223,172,2710,0
246,123,3357,173,2688,0
248,124,3426,172,2667,0
250,125,3526,157,2646,0
252,126,3631,170,2625,0
254,127,3718,148,2605,0
256,128,3821,240,4846,0
258,129,3911,241,3243,0
260,130,2421,227,2075,0
262,131,2300,224,1573,0
264,132,2713,179,1881,0
266,133,2818,197,1866,0
268,134,2906,243,3365,0
270,135,3005,248,1911,0
272,136,1615,206,1012,0
274,137,2354,242,2622,0
276,138,1256,241,899,0
278,139,1983,251,2378,0
280,140,1192,253,1375,0
282,141,1067,249,1202,0
284,142,709,253,378,0
286,143,556,249,288,0
288,144,66,242,3,0
290,145,38,264,1,0
292,146,0,280,1,0
294,147,120,227,1,0
296,148,239,227,1,0
298,149,321,227,1,0
300,150,473,227,1,0
302,151,530,227,1,0
304,152,630,227,1,0
306,153,721,227,1,0
308,154,921,227,1,0
310,155,916,227,1,0
312,156,1013,227,1,0
314,157,1101,227,1,0
316,158,1179,227,1,0
318,159,1250,227,1,0
320,160,1380,227,1,0
322,161,1462,227,1,0
324,162,1534,227,1,0
326,163,1619,227,1,0
328,164,1731,227,1,0
330,165,1780,227,1,0
332,166,1882,227,1,0
334,167,1941,227,1,0
336,168,1973,227,1,0
338,169,2087,227,1,0
340,170,2192,227,1,0
342,171,2284,227,1,0
344,172,2312,227,1,0
346,173,2463,227,1,0
348,174,2500,227,1,0
350,175,2603,227,1,0
352,176,2664,227,1,0
354,177,2751,227,1,0
356,178,2793,227,1,0
358,179,2867,227,1,0
360,180,2934,227,1,0
362,181,3006,227,1,0
364,182,3073,227,1,0
366,183,3141,227,1,0
368,184,3225,227,1,0
370,185,3281,227,1,0
372,186,3377,227,1,0
374,187,3431,227,1,0
376,188,3527,227,1,0
378,189,3509,227,1,0
380,190,3598,227,1,0
382,191,3645,227,1,0
384,192,3701,227,1,0
386,193,3766,227,1,0
388,194,3846,227,1,0
390,195,3826,227,1,0
392,196,3947,227,1,0
394,197,3971,227,1,0
396,198,4020,227,1,0
398,199,4164,227,1,0
400,200,4159,227,1,0
402,201,4242,227,1,0
404,202,4277,227,1,0
406,203,4289,227,1,0
408,204,4406,227,1,0
410,205,4449,227,1,0
412,206,4561,227,1,0
414,207,4628,227,1,0
416,208,4784,227,1,0
418,209,4762,228,1,0
420,210,4740,227,1,0
422,211,4866,227,1,0
424,212,4895,227,1,0
426,213,4919,227,1,0
428,214,4983,227,1,0
430,215,5014,227,1,0
432,216,5119,227,1,0
434,217,5160,227,1,0
436,218,5217,227,1,0
438,219,5267,227,1,0
440,220,5311,227,1,0
442,221,5367,227,1,0
444,222,5403,227,1,0
446,223,5455,227,1,0
448,224,5554,227,1,0
450,225,5558,227,1,0
452,226,5606,227,1,0
454,227,5638,227,1,0
456,228,5819,227,1,0
458,229,5741,227,1,0
460,230,5772,227,1,0
462,231,5830,227,1,0
464,232,5880,227,1,0
466,233,5916,227,1,0
468,234,5957,227,1,0
470,235,6002,227,1,0
472,236,6027,227,1,0
474,237,6068,227,1,0
476,238,6136,227,1,0
478,239,6172,227,1,0
480,240,6223,227,2,0
482,241,6263,227,2,0
484,242,6293,227,1,0
486,243,6325,227,1,0
488,244,6374,227,0,0
490,245,6405,227,1,0
492,246,6474,227,0,0
494,247,6493,227,0,0
496,248,6523,227,0,0
498,249,6568,227,0,0
500,250,6637,227,0,0
502,251,6646,227,0,0
504,252,6671,227,0,0
506,253,6716,227,0,0
508,254,6753,227,0,0
510,255,6781,227,0,0
512,256,6831,227,0,0
514,257,6887,227,0,0
516,258,6906,227,0,0
518,259,6920,227,0,0
520,260,6983,227,0,0
522,261,7002,227,0,0
524,262,7046,227,0,0
526,263,7067,227,0,0
528,264,7099,227,0,0
530,265,7120,227,0,0
532,266,7156,227,0,0
534,267,7186,227,0,0
536,268,7262,227,0,0
538,269,7303,227,0,0
540,270,7377,228,0,0
542,271,7350,227,0,0
544,272,7409,227,0,0
546,273,7421,227,0,0
548,274,7440,227,0,0
550,275,7456,227,0,0
552,276,7483,227,0,0
554,277,7518,227,0,0
556,278,7563,227,0,0
558,279,7585,227,0,0
560,280,7622,227,0,0
562,281,7653,227,0,0
564,282,7677,227,0,0
566,283,7714,227,0,0
568,284,7736,227,0,0
570,285,7778,227,0,0
572,286,7835,227,0,0
574,287,7831,227,0,0
576,288,7860,227,0,0
578,289,7878,227,0,0
580,290,8013,227,0,0
582,291,7944,227,0,0
584,292,7961,227,0,0
586,293,7989,227,0,0
588,294,8031,227,0,0
590,295,8052,227,0,0
592,296,8078,227,0,0
594,297,8106,227,0,0
596,298,8118,227,0,0
598,299,8145,227,0,0
600,300,8191,227,0,0
602,301,8213,227,0,0
604,302,8247,227,0,0
606,303,8271,227,0,0
608,304,8284,227,0,0
610,305,8309,227,0,0
612,306,8331,227,0,0
614,307,8345,227,0,0
616,308,8395,227,0,0
618,309,8419,227,0,0
620,310,8473,227,0,0
622,311,8467,227,0,0
624,312,8516,227,0,0
626,313,8511,227,0,0
628,314,8532,227,0,0
630,315,8585,227,0,0
632,316,8586,227,0,0
634,317,8644,227,0,0
636,318,8637,227,0,0
638,319,8651,227,0,0
640,320,8679,227,0,0
642,321,8692,227,0,0
644,322,8729,227,0,0
646,323,8747,227,0,0
648,324,8779,227,0,0
650,325,8789,227,0,0
652,326,8812,227,0,0
654,327,8822,227,0,0
656,328,8846,227,0,0
658,329,8866,227,0,0
660,330,8923,227,0,0
662,331,8952,227,0,0
664,332,9007,227,0,0
666,333,8980,227,0,0
668,334,9022,227,0,0
670,335,9028,227,0,0
672,336,9040,227,0,0
674,337,9046,227,0,0
676,338,9064,227,0,0
678,339,9088,227,0,0
680,340,9119,227,0,0
682,341,9134,227,0,0
684,342,9158,227,0,0
686,343,9180,227,0,0
688,344,9195,227,0,0
690,345,9221,227,0,0
692,346,9233,227,0,0
694,347,9255,227,0,0
696,348,9308,227,0,0
698,349,9301,227,0,0
700,350,9321,227,0,0
702,351,9331,227,0,0
704,352,9438,227,0,0
706,353,9377,227,0,0
708,354,9387,227,0,0
710,355,9415,227,0,0
712,356,9438,227,0,0
714,357,9451,227,0,0
716,358,9467,227,0,0
718,359,9487,227,0,0
720,360,9505,227,0,0
722,361,9511,227,0,0
724,362,9546,227,0,0
726,363,9561,227,0,0
728,364,9586,227,0,0
730,365,9602,227,0,0
732,366,9613,227,0,0
734,367,9625,227,0,0
736,368,9652,227,0,0
738,369,9660,227,0,0
740,370,9687,227,0,0
742,371,9704,227,0,0
744,372,9745,227,0,0
746,373,9737,227,0,0
748,374,9774,227,0,0
750,375,9772,227,0,0
752,376,9781,227,0,0
754,377,9822,227,0,0
756,378,9819,227,0,0
758,379,9864,227,0,0
760,380,9855,227,0,0
762,381,9886,227,0,0
764,382,9891,227,0,0
766,383,9893,227,0,0
768,384,9919,227,0,0
770,385,9933,227,0,0
772,386,9956,227,0,0
774,387,9962,227,0,0
776,388,9976,227,0,0
778,389,9984,227,0,0
780,390,10000,227,0,0
782,391,10015,227,0,0
784,392,10040,227,0,0
786,393,10081,227,0,0
788,394,10123,227,0,0
790,395,10098,227,0,0
792,396,10131,227,0,0
794,397,10133,227,0,0
796,398,10141,227,0,0
798,399,10145,227,0,0
800,400,10155,227,0,0
802,401,10172,227,0,0
804,402,10197,227,0,0
806,403,10207,227,0,0
808,404,10227,227,0,0
810,405,10242,227,0,0
812,406,10253,227,0,0
814,407,10271,227,0,0
816,408,10280,227,0,0
818,409,10304,227,0,0
820,410,10338,227,0,0
822,411,10328,227,0,0
824,412,10342,227,0,0
826,413,10348,227,0,0
828,414,10436,227,0,0
830,415,10383,227,0,0
832,416,10389,227,0,0
834,417,10403,227,0,0
836,418,10426,227,0,0
838,419,10446,227,0,0
840,420,10448,227,0,0
842,421,10462,227,0,0
844,422,10467,227,0,0
846,423,10478,227,0,0
848,424,10506,227,0,0
850,425,10516,227,0,0
852,426,10535,227,0,0
854,427,10547,227,0,0
856,428,10552,227,0,0
858,429,10561,227,0,0
860,430,10575,227,0,0
862,431,10589,227,0,0
864,432,10608,227,0,0
866,433,10622,227,0,0
868,434,10655,227,0,0
870,435,10645,227,0,0
872,436,10675,227,0,0
874,437,10673,227,0,0
876,438,10678,227,0,0
878,439,10710,227,0,0
880,440,10706,227,0,0
882,441,10713,227,0,0
884,442,10733,227,0,0
886,443,10738,227,0,0
888,444,10755,227,0,0
890,445,10760,227,0,0
892,446,10781,227,0,0
894,447,10786,227,0,0
896,448,10808,227,0,0
898,449,10812,227,0,0
900,450,10822,227,0,0
902,451,10825,227,0,0
904,452,10839,227,0,0
906,453,10848,227,0,0
908,454,10870,227,0,0
910,455,10903,227,0,0
912,456,10939,228,0,0
914,457,10914,227,0,0
916,458,10940,227,0,0
918,459,10941,227,0,0
920,460,10945,227,0,0
922,461,10946,227,0,0
924,462,10955,227,0,0
926,463,10969,227,0,0
928,464,10987,227,0,0
930,465,10995,227,0,0
932,466,11009,227,0,0
934,467,11020,227,0,0
936,468,11029,227,0,0
938,469,11043,227,0,0
940,470,11050,227,0,0
942,471,11068,227,0,0
944,472,11096,227,0,0
946,473,11086,227,0,0
948,474,11098,227,0,0
950,475,11101,227,0,0
952,476,11175,227,0,0
954,477,11129,227,0,0
956,478,11131,227,0,0
958,479,11149,227,0,0
960,480,11173,227,0,0
962,481,11167,227,0,0
964,482,11176,227,0,0
966,483,11189,227,0,0
968,484,11197,227,0,0
970,485,11199,227,0,0
972,486,11221,227,0,0
974,487,11230,227,0,0
976,488,11244,227,0,0
978,489,11253,227,0,0
980,490,11258,227,0,0
982,491,11263,227,0,0
984,492,11272,227,0,0
986,493,11284,227,0,0
988,494,11310,227,0,0
990,495,11311,227,0,0
992,496,11316,227,0,0
994,497,11330,227,0,0
996,498,11354,227,0,0
998,499,11346,227,0,0
1000,500,11354,227,0,0
1002,501,11381,227,0,0
1004,502,11376,227,0,0
1006,503,11407,227,0,0
1008,504,11396,227,0,0
1010,505,11415,227,0,0
1012,506,11415,227,0,0
1014,507,11413,227,0,0
1016,508,11431,227,0,0
1018,509,11438,227,0,0
1020,510,11453,227,0,0
1022,511,11456,227,0,0
1024,512,11463,227,0,0
1026,513,11464,227,0,0
1028,514,11475,227,0,0
1030,515,11483,227,0,0
1032,516,11515,227,0,0
1034,517,11526,227,0,0
1036,518,11557,227,0,0
1038,519,11537,227,0,0
1040,520,11558,227,0,0
1042,521,11557,227,0,0
1044,522,11560,227,0,0
1046,523,11559,227,0,0
1048,524,11566,227,0,0
1050,525,11578,227,0,0
1052,526,11592,227,0,0
1054,527,11597,227,0,0
1056,528,11609,227,0,0
1058,529,11617,227,0,0
1060,530,11624,227,0,0
1062,531,11635,227,0,0
1064,532,11641,227,0,0
1066,533,11655,227,0,0
1068,534,11680,227,0,0
1070,535,11669,227,0,0
1072,536,11679,227,0,0
1074,537,11680,227,0,0
1076,538,11746,227,0,0
1078,539,11702,227,0,0
1080,540,11703,227,0,0
1082,541,11720,227,0,0
1084,542,11728,227,0,0
1086,543,11734,227,0,0
1088,544,11740,227,0,0
1090,545,11748,227,0,0
1092,546,11758,227,0,0
1094,547,11757,227,0,0
1096,548,11775,227,0,0
1098,549,11782,227,0,0
1100,550,11793,227,0,0
1102,551,11800,227,0,0
1104,552,11804,227,0,0
1106,553,11810,227,0,0
1108,554,11814,227,0,0
1110,555,11823,227,0,0
1112,556,11838,227,0,0
1114,557,11846,227,0,0
1116,558,11848,227,0,0
1118,559,11859,227,0,0
1120,560,11879,227,0,0
1122,561,11871,227,0,0
1124,562,11879,227,0,0
1126,563,11903,227,0,0
1128,564,11896,227,0,0
1130,565,11899,227,0,0
1132,566,11912,227,0,0
1134,567,11928,227,0,0
1136,568,11928,227,0,0
1138,569,11926,227,0,0
1140,570,11942,227,0,0
1142,571,11948,227,0,0
1144,572,11960,227,0,0
1146,573,11961,227,0,0
1148,574,11968,227,0,0
1150,575,11969,227,0,0
1152,576,11977,227,0,0
1154,577,11983,227,0,0
1156,578,12010,227,0,0
1158,579,12021,227,0,0
1160,580,12046,227,0,0
1162,581,12025,227,0,0
1164,582,12044,227,0,0
1166,583,12042,227,0,0
1168,584,12044,227,0,0
1170,585,12042,227,0,0
1172,586,12047,227,0,0
1174,587,12056,227,0,0
1176,588,12069,227,0,0
1178,589,12073,227,0,0
1180,590,12085,227,0,0
1182,591,12091,227,0,0
1184,592,12095,227,0,0
1186,593,12103,227,0,0
1188,594,12107,227,0,0
1190,595,12120,227,0,0
1192,596,12143,227,0,0
1194,597,12132,227,0,0
1196,598,12137,227,0,0
1198,599,12139,227,0,0
1200,600,12156,227,0,0
1202,601,12159,227,0,0
1204,602,12158,227,0,0
1206,603,12170,227,0,0
1208,604,12179,227,0,0
1210,605,12184,227,0,0
1212,606,12187,227,0,0
1214,607,12195,227,0,0
1216,608,12197,227,0,0
1218,609,12201,227,0,0
1220,610,12217,227,0,0
1222,611,12222,227,0,0
1224,612,12232,227,0,0
1226,613,12237,227,0,0
1228,614,12240,227,0,0
1230,615,12243,227,0,0
1232,616,12248,227,0,0
1234,617,12259,227,0,0
1236,618,12266,227,0,0
1238,619,12272,227,0,0
1240,620,12276,227,0,0
1242,621,12284,227,0,0
1244,622,12304,227,0,0
1246,623,12293,227,0,0
1248,624,12302,227,0,0
1250,625,12319,227,0,0
1252,626,12314,227,0,0
1254,627,12337,227,0,0
1256,628,12328,227,0,0
1258,629,12343,227,0,0
1260,630,12335,227,0,0
1262,631,12339,227,0,0
1264,632,12351,227,0,0
1266,633,12356,227,0,0
1268,634,12365,227,0,0
1270,635,12366,227,0,0
1272,636,12371,227,0,0
1274,637,12371,227,0,0
1276,638,12378,227,0,0
1278,639,12382,227,0,0
1280,640,12409,227,0,0
1282,641,12415,227,0,0
1284,642,12440,227,0,0
1286,643,12419,227,0,0
1288,644,12436,227,0,0
1290,645,12434,227,0,0
1292,646,12433,227,0,0
1294,647,12435,227,0,0
1296,648,12437,227,0,0
1298,649,12444,227,0,0
1300,650,12458,227,0,0
1302,651,12458,227,0,0
1304,652,12467,227,0,0
1306,653,12475,227,0,0
1308,654,12476,227,0,0
1310,655,12484,227,0,0
1312,656,12489,227,0,0
1314,657,12497,227,0,0
1316,658,12515,227,0,0
1318,659,12508,227,0,0
1320,660,12512,227,0,0
1322,661,12512,227,0,0
1324,662,12565,227,0,0
1326,663,12531,227,0,0
1328,664,12528,227,0,0
1330,665,12538,227,0,0
1332,666,12547,227,0,0
1334,667,12552,227,0,0
1336,668,12552,227,0,0
1338,669,12558,227,0,0
1340,670,12559,227,0,0
1342,671,12566,227,0,0
1344,672,12577,227,0,0
1346,673,12580,227,0,0
1348,674,12589,227,0,0
1350,675,12595,227,0,0
1352,676,12596,227,0,0
1354,677,12598,227,0,0
1356,678,12601,227,0,0
1358,679,12607,227,0,0
1360,680,12618,227,0,0
1362,681,12624,227,0,0
1364,682,12627,227,0,0
1366,683,12633,227,0,0
1368,684,12648,227,0,0
1370,685,12640,227,0,0
1372,686,12644,227,0,0
1374,687,12651,227,0,0
1376,688,12657,227,0,0
1378,689,12678,227,0,0
1380,690,12671,227,0,0
1382,691,12684,227,0,0
1384,692,12678,227,0,0
1386,693,12677,227,0,0
1388,694,12688,227,0,0
1390,695,12691,227,0,0
1392,696,12699,227,0,0
1394,697,12699,227,0,0
1396,698,12703,227,0,0
1398,699,12703,227,0,0
1400,700,12709,227,0,0
1402,701,12712,227,0,0
1404,702,12724,227,0,0
1406,703,12742,227,0,0
1408,704,12762,227,0,0
1410,705,12745,227,0,0
1412,706,12759,227,0,0
1414,707,12757,227,0,0
1416,708,12758,227,0,0
1418,709,12755,227,0,0
1420,710,12758,227,0,0
1422,711,12764,227,0,0
1424,712,12774,227,0,0
1426,713,12776,227,0,0
1428,714,12783,227,0,0
1430,715,12788,227,0,0
1432,716,12791,227,0,0
1434,717,12798,227,0,0
1436,718,12800,227,0,0
1438,719,12810,227,0,0
1440,720,12826,227,0,0
1442,721,12820,227,0,0
1444,722,12825,227,0,0
1446,723,12824,227,0,0
1448,724,12869,227,0,0
1450,725,12835,227,0,0
1452,726,12834,227,0,0
1454,727,12844,227,0,0
1456,728,12850,227,0,0
1458,729,12852,227,0,0
1460,730,12856,227,0,0
1462,731,12864,227,0,0
1464,732,12861,227,0,0
1466,733,12864,227,0,0
1468,734,12875,227,0,0
1470,735,12879,227,0,0
1472,736,12887,227,0,0
1474,737,12894,227,0,0
1476,738,12892,227,0,0
1478,739,12894,227,0,0
1480,740,12896,227,0,0
1482,741,12902,227,0,0
1484,742,12917,227,0,0
1486,743,12918,227,0,0
1488,744,12932,227,0,0
1490,745,12922,227,0,0
1492,746,12937,227,0,0
1494,747,12932,227,0,0
1496,748,12935,227,0,0
1498,749,12949,227,0,0
1500,750,12943,227,0,0
1502,751,12961,227,0,0
1504,752,12957,227,0,0
1506,753,12955,227,0,0
1508,754,12959,227,0,0
1510,755,12959,227,0,0
1512,756,12974,227,0,0
1514,757,12974,227,0,0
1516,758,12979,227,0,0
1518,759,12979,227,0,0
1520,760,12986,227,0,0
1522,761,12983,227,0,0
1524,762,12987,227,0,0
1526,763,12990,227,0,0
1528,764,13011,227,0,0
1530,765,13015,227,0,0
1532,766,13034,229,0,0
1534,767,13021,227,0,0
1536,768,13031,227,0,0
1538,769,13028,227,0,0
1540,770,13033,227,0,0
1542,771,13027,227,0,0
1544,772,13028,227,0,0
1546,773,13034,227,0,0
1548,774,13044,227,0,0
1550,775,13044,227,0,0
1552,776,13055,227,0,0
1554,777,13055,227,0,0
1556,778,13056,227,0,0
1558,779,13067,227,0,0
1560,780,13064,227,0,0
1562,781,13073,227,0,0
1564,782,13090,227,0,0
1566,783,13078,227,0,0
1568,784,13083,227,0,0
1570,785,13084,227,0,0
1572,786,13125,227,0,0
1574,787,13098,227,0,0
1576,788,13093,227,0,0
1578,789,13101,227,0,0
1580,790,13109,227,0,0
1582,791,13108,227,0,0
1584,792,13120,227,0,0
1586,793,13116,227,0,0
1588,794,13119,227,0,0
1590,795,13119,227,0,0
1592,796,13122,227,0,0
1594,797,13134,227,0,0
1596,798,13137,227,0,0
1598,799,13146,227,0,0
1600,800,13140,227,0,0
1602,801,13142,227,0,0
1604,802,13151,227,0,0
1606,803,13150,227,0,0
1608,804,13160,227,0,0
1610,805,13161,227,0,0
1612,806,13165,227,0,0
1614,807,13168,227,0,0
1616,808,13184,227,0,0
1618,809,13175,227,0,0
1620,810,13181,227,0,0
1622,811,13191,227,0,0
1624,812,13190,227,0,0
1626,813,13202,227,0,0
1628,814,13195,227,0,0
1630,815,13204,227,0,0
1632,816,13203,227,0,0
1634,817,13199,227,0,0
1636,818,13213,227,0,0
1638,819,13210,227,0,0
1640,820,13221,227,0,0
1642,821,13215,227,0,0
1644,822,13223,227,0,0
1646,823,13218,227,0,0
1648,824,13226,227,0,0
1650,825,13225,227,0,0
1652,826,13245,227,0,0
1654,827,13248,227,0,0
1656,828,13267,228,0,0
1658,829,13250,227,0,0
1660,830,13262,227,0,0
1662,831,13260,227,0,0
1664,832,13258,227,0,0
1666,833,13261,227,0,0
1668,834,13258,227,0,0
1670,835,13266,227,0,0
1672,836,13271,227,0,0
1674,837,13273,227,0,0
1676,838,13278,227,0,0
1678,839,13280,227,0,0
1680,840,13287,227,0,0
1682,841,13288,227,0,0
1684,842,13291,227,0,0
1686,843,13297,227,0,0
1688,844,13309,227,0,0
1690,845,13306,227,0,0
1692,846,13305,227,0,0
1694,847,13307,227,0,0
1696,848,13345,227,0,0
1698,849,13315,227,0,0
1700,850,13318,227,0,0
1702,851,13318,227,0,0
1704,852,13333,227,0,0
1706,853,13328,227,0,0
1708,854,13333,227,0,0
1710,855,13336,227,0,0
1712,856,13332,227,0,0
1714,857,13335,227,0,0
1716,858,13349,227,0,0
1718,859,13347,227,0,0
1720,860,13353,227,0,0
1722,861,13360,227,0,0
1724,862,13354,227,0,0
1726,863,13357,227,0,0
1728,864,13360,227,0,0
1730,865,13364,227,0,0
1732,866,13376,227,0,0
1734,867,13378,227,0,0
1736,868,13374,227,0,0
1738,869,13379,227,0,0
1740,870,13395,227,0,0
1742,871,13386,227,0,0
1744,872,13386,227,0,0
1746,873,13402,227,0,0
1748,874,13394,227,0,0
1750,875,13394,227,0,0
1752,876,13404,227,0,0
1754,877,13411,227,0,0
1756,878,13408,227,0,0
1758,879,13407,227,0,0
1760,880,13418,227,0,0
1762,881,13415,227,0,0
1764,882,13420,227,0,0
1766,883,13423,227,0,0
1768,884,13423,227,0,0
1770,885,13422,227,0,0
1772,886,13426,227,0,0
1774,887,13431,227,0,0
1776,888,13444,227,0,0
1778,889,13449,227,0,0
1780,890,13466,227,0,0
1782,891,13454,227,0,0
1784,892,13461,227,0,0
1786,893,13457,227,0,0
1788,894,13459,227,0,0
1790,895,13460,227,0,0
1792,896,13457,227,0,0
1794,897,13460,227,0,0
1796,898,13469,227,0,0
1798,899,13473,227,0,0
1800,900,13474,227,0,0
1802,901,13476,227,0,0
1804,902,13478,227,0,0
1806,903,13486,227,0,0
1808,904,13484,227,0,0
1810,905,13490,227,0,0
1812,906,13502,227,0,0
1814,907,13496,227,0,0
1816,908,13502,227,0,0
1818,909,13498,227,0,0
1820,910,13533,227,0,0
1822,911,13506,227,0,0
1824,912,13507,227,0,0
1826,913,13516,227,0,0
1828,914,13516,227,0,0
1830,915,13516,227,0,0
1832,916,13518,227,0,0
1834,917,13524,227,0,0
1836,918,13528,227,0,0
1838,919,13524,227,0,0
1840,920,13532,227,0,0
1842,921,13533,227,0,0
1844,922,13540,227,0,0
1846,923,13544,227,0,0
1848,924,13546,227,0,0
1850,925,13542,227,0,0
1852,926,13544,227,0,0
1854,927,13548,227,0,0
1856,928,13559,227,0,0
1858,929,13559,227,0,0
1860,930,13561,227,0,0
1862,931,13562,227,0,0
1864,932,13573,227,0,0
1866,933,13568,227,0,0
1868,934,13567,227,0,0
1870,935,13573,227,0,0
1872,936,13578,227,0,0
1874,937,13593,227,0,0
1876,938,13582,227,0,0
1878,939,13581,227,0,0
1880,940,13588,227,0,0
1882,941,13584,227,0,0
1884,942,13592,227,0,0
1886,943,13595,227,0,0
1888,944,13602,227,0,0
1890,945,13602,227,0,0
1892,946,13600,227,0,0
1894,947,13599,227,0,0
1896,948,13602,227,0,0
1898,949,13604,227,0,0
1900,950,13618,227,0,0
1902,951,13624,227,0,0
1904,952,13640,229,0,0
1906,953,13627,227,0,0
1908,954,13638,227,0,0
1910,955,13637,227,0,0
1912,956,13631,227,0,0
1914,957,13628,227,0,0
1916,958,13629,227,0,0
1918,959,13632,227,0,0
1920,960,13639,227,0,0
1922,961,13639,227,0,0
1924,962,13644,227,0,0
1926,963,13648,227,0,0
1928,964,13650,227,0,0
1930,965,13656,227,0,0
1932,966,13657,227,0,0
1934,967,13664,227,0,0
1936,968,13670,227,0,0
1938,969,13663,227,0,0
1940,970,13666,227,0,0
1942,971,13665,227,0,0
1944,972,13698,227,0,0
1946,973,13673,227,0,0
1948,974,13672,227,0,0
1950,975,13674,227,0,0
1952,976,13685,227,0,0
1954,977,13681,227,0,0
1956,978,13684,227,0,0
1958,979,13687,227,0,0
1960,980,13690,227,0,0
1962,981,13689,227,0,0
1964,982,13698,227,0,0
1966,983,13700,227,0,0
1968,984,13705,227,0,0
1970,985,13708,227,0,0
1972,986,13706,227,0,0
1974,987,13707,227,0,0
1976,988,13711,227,0,0
1978,989,13714,227,0,0
1980,990,13720,227,0,0
1982,991,13723,227,0,0
1984,992,13734,227,0,0
1986,993,13727,227,0,0
1988,994,13737,227,0,0
1990,995,13731,227,0,0
1992,996,13733,227,0,0
1994,997,13737,227,0,0
1996,998,13744,227,0,0
1998,999,13752,227,0,0
2000,1000,13745,227,0,0
2002,1001,13752,227,0,0
2004,1002,13750,227,0,0
2006,1003,13747,227,0,0
2008,1004,13754,227,0,0
2010,1005,13755,227,0,0
2012,1006,13760,227,0,0
2014,1007,13758,227,0,0
2016,1008,13760,227,0,0
2018,1009,13759,227,0,0
2020,1010,13761,227,0,0
2022,1011,13763,227,0,0
2024,1012,13769,227,0,0
2026,1013,13780,227,0,0
2028,1014,13793,229,0,0
2030,1015,13779,227,0,0
2032,1016,13788,227,0,0
2034,1017,13785,227,0,0
2036,1018,13783,227,0,0
2038,1019,13781,227,0,0
2040,1020,13781,227,0,0
2042,1021,13784,227,0,0
2044,1022,13790,227,0,0
2046,1023,13790,227,0,0
2048,1024,13794,227,0,0
2050,1025,13796,227,0,0
2052,1026,13798,227,0,0
2054,1027,13802,227,0,0
2056,1028,13801,227,0,0
2058,1029,13808,227,0,0
2060,1030,13818,227,0,0
2062,1031,13811,227,0,0
2064,1032,13819,227,0,0
2066,1033,13817,227,0,0
2068,1034,13848,227,0,0
2070,1035,13822,227,0,0
2072,1036,13820,227,0,0
2074,1037,13822,227,0,0
2076,1038,13827,227,0,0
2078,1039,13827,227,0,0
2080,1040,13829,227,0,0
2082,1041,13832,227,0,0
2084,1042,13834,227,0,0
2086,1043,13832,227,0,0
2088,1044,13835,227,0,0
2090,1045,13847,227,0,0
2092,1046,13851,227,0,0
2094,1047,13851,227,0,0
2096,1048,13850,227,0,0
2098,1049,13848,227,0,0
2100,1050,13846,227,0,0
2102,1051,13851,227,0,0
2104,1052,13857,227,0,0
2106,1053,13859,227,0,0
2108,1054,13859,227,0,0
2110,1055,13863,227,0,0
2112,1056,13877,227,0,0
2114,1057,13872,227,0,0
2116,1058,13870,227,0,0
2118,1059,13872,227,0,0
2120,1060,13872,227,0,0
2122,1061,13873,227,0,0
2124,1062,13878,227,0,0
2126,1063,13878,227,0,0
2128,1064,13884,227,0,0
2130,1065,13886,227,0,0
2132,1066,13890,227,0,0
2134,1067,13889,227,0,0
2136,1068,13892,227,0,0
2138,1069,13890,227,0,0
2140,1070,13892,227,0,0
2142,1071,13891,227,0,0
2144,1072,13894,227,0,0
2146,1073,13900,227,0,0
2148,1074,13905,227,0,0
2150,1075,13913,227,0,0
2152,1076,13924,229,0,0
2154,1077,13911,227,0,0
2156,1078,13920,227,0,0
2158,1079,13918,227,0,0
2160,1080,13922,227,0,0
2162,1081,13918,227,0,0
2164,1082,13916,227,0,0
2166,1083,13917,227,0,0
2168,1084,13923,227,0,0
2170,1085,13924,227,0,0
2172,1086,13928,227,0,0
2174,1087,13934,227,0,0
2176,1088,13933,227,0,0
2178,1089,13934,227,0,0
2180,1090,13934,227,0,0
2182,1091,13939,227,0,0
2184,1092,13949,227,0,0
2186,1093,13948,227,0,0
2188,1094,13947,227,0,0
2190,1095,13944,227,0,0
2192,1096,13972,227,0,0
2194,1097,13950,227,0,0
2196,1098,13949,227,0,0
2198,1099,13957,227,0,0
2200,1100,13960,227,0,0
2202,1101,13957,227,0,0
2204,1102,13958,227,0,0
2206,1103,13961,227,0,0
2208,1104,13959,227,0,0
2210,1105,13966,227,0,0
2212,1106,13970,227,0,0
2214,1107,13968,227,0,0
2216,1108,13973,227,0,0
2218,1109,13975,227,0,0
2220,1110,13979,227,0,0
2222,1111,13976,227,0,0
2224,1112,13975,227,0,0
2226,1113,13978,227,0,0
2228,1114,13983,227,0,0
2230,1115,13991,227,0,0
2232,1116,13988,227,0,0
2234,1117,13988,227,0,0
2236,1118,13997,227,0,0
2238,1119,13993,227,0,0
2240,1120,13998,227,0,0
2242,1121,13998,227,0,0
2244,1122,13997,227,0,0
2246,1123,13997,227,0,0
2248,1124,14002,227,0,0
2250,1125,14007,227,0,0
2252,1126,14009,227,0,0
2254,1127,14003,227,0,0
2256,1128,14009,227,0,0
2258,1129,14011,227,0,0
2260,1130,14018,227,0,0
2262,1131,14014,227,0,0
2264,1132,14014,227,0,0
2266,1133,14013,227,0,0
2268,1134,14022,227,0,0
2270,1135,14019,227,0,0
2272,1136,14022,227,0,0
2274,1137,14032,227,0,0
2276,1138,14045,227,0,0
2278,1139,14036,227,0,0
2280,1140,14040,227,0,0
2282,1141,14037,227,0,0
2284,1142,14037,227,0,0
2286,1143,14039,227,0,0
2288,1144,14036,227,0,0
2290,1145,14037,227,0,0
2292,1146,14043,227,0,0
2294,1147,14049,227,0,0
2296,1148,14048,227,0,0
2298,1149,14047,227,0,0
2300,1150,14049,227,0,0
2302,1151,14058,227,0,0
2304,1152,14055,227,0,0
2306,1153,14056,227,0,0
2308,1154,14065,227,0,0
2310,1155,14066,227,0,0
2312,1156,14064,227,0,0
2314,1157,14060,227,0,0
2316,1158,14089,227,0,0
2318,1159,14073,227,0,0
2320,1160,14067,227,0,0
2322,1161,14069,227,0,0
2324,1162,14072,227,0,0
2326,1163,14078,227,0,0
2328,1164,14075,227,0,0
2330,1165,14075,227,0,0
2332,1166,14074,227,0,0
2334,1167,14081,227,0,0
2336,1168,14079,227,0,0
2338,1169,14083,227,0,0
2340,1170,14088,227,0,0
2342,1171,14092,227,0,0
2344,1172,14087,227,0,0
2346,1173,14088,227,0,0
2348,1174,14093,227,0,0
2350,1175,14094,227,0,0
2352,1176,14096,227,0,0
2354,1177,14098,227,0,0
2356,1178,14102,227,0,0
2358,1179,14101,227,0,0
2360,1180,14108,227,0,0
2362,1181,14110,227,0,0
2364,1182,14106,227,0,0
2366,1183,14113,227,0,0
2368,1184,14109,227,0,0
2370,1185,14115,227,0,0
2372,1186,14113,227,0,0
2374,1187,14119,227,0,0
2376,1188,14121,227,0,0
2378,1189,14116,227,0,0
2380,1190,14119,227,0,0
2382,1191,14121,227,0,0
2384,1192,14128,227,0,0
2386,1193,14122,227,0,0
2388,1194,14124,227,0,0
2390,1195,14128,227,0,0
2392,1196,14126,227,0,0
2394,1197,14126,227,0,0
2396,1198,14144,227,0,0
2398,1199,14143,227,0,0
2400,1200,14151,229,0,0
2402,1201,14140,227,0,0
2404,1202,14151,227,0,0
2406,1203,14144,227,0,0
2408,1204,14144,227,0,0
2410,1205,14146,227,0,0
2412,1206,14141,227,0,0
2414,1207,14145,227,0,0
2416,1208,14155,227,0,0
2418,1209,14150,227,0,0
2420,1210,14152,227,0,0
2422,1211,14161,227,0,0
2424,1212,14155,227,0,0
2426,1213,14158,227,0,0
2428,1214,14165,227,0,0
2430,1215,14164,227,0,0
2432,1216,14170,227,0,0
2434,1217,14172,227,0,0
2436,1218,14168,227,0,0
2438,1219,14165,227,0,0
2440,1220,14200,227,0,0
2442,1221,14173,227,0,0
2444,1222,14169,227,0,0
2446,1223,14174,227,0,0
2448,1224,14179,227,0,0
2450,1225,14176,227,0,0
2452,1226,14178,227,0,0
2454,1227,14182,227,0,0
2456,1228,14180,227,0,0
2458,1229,14187,227,0,0
2460,1230,14187,227,0,0
2462,1231,14186,227,0,0
2464,1232,14197,227,0,0
2466,1233,14192,227,0,0
2468,1234,14189,227,0,0
2470,1235,14197,227,0,0
2472,1236,14192,227,0,0
2474,1237,14194,227,0,0
2476,1238,14204,227,0,0
2478,1239,14199,227,0,0
2480,1240,14199,227,0,0
2482,1241,14207,227,0,0
2484,1242,14208,227,0,0
2486,1243,14204,227,0,0
2488,1244,14209,227,0,0
2490,1245,14213,227,0,0
2492,1246,14209,227,0,0
2494,1247,14214,227,0,0
2496,1248,14213,227,0,0
2498,1249,14226,227,0,0
2500,1250,14218,227,0,0
2502,1251,14214,227,0,0
2504,1252,14225,227,0,0
2506,1253,14220,227,0,0
2508,1254,14223,227,0,0
2510,1255,14226,227,0,0
2512,1256,14222,227,0,0
2514,1257,14222,227,0,0
2516,1258,14227,227,0,0
2518,1259,14224,227,0,0
2520,1260,14237,227,0,0
2522,1261,14239,227,0,0
2524,1262,14248,228,0,0
2526,1263,14243,227,0,0
2528,1264,14243,227,0,0
2530,1265,14242,227,0,0
2532,1266,14244,227,0,0
2534,1267,14238,227,0,0
2536,1268,14247,227,0,0
2538,1269,14242,227,0,0
2540,1270,14245,227,0,0
2542,1271,14251,227,0,0
2544,1272,14248,227,0,0
2546,1273,14250,227,0,0
2548,1274,14253,227,0,0
2550,1275,14253,227,0,0
2552,1276,14260,227,0,0
2554,1277,14257,227,0,0
2556,1278,14265,227,0,0
2558,1279,14263,227,0,0
2560,1280,14260,227,0,0
2562,1281,14268,227,0,0
2564,1282,14285,227,0,0
2566,1283,14265,227,0,0
2568,1284,14268,227,0,0
2570,1285,14267,227,0,0
2572,1286,14279,227,0,0
2574,1287,14271,227,0,0
2576,1288,14271,227,0,0
2578,1289,14278,227,0,0
2580,1290,14273,227,0,0
2582,1291,14273,227,0,0
2584,1292,14280,227,0,0
2586,1293,14279,227,0,0
2588,1294,14287,227,0,0
2590,1295,14283,227,0,0
2592,1296,14291,227,0,0
2594,1297,14283,227,0,0
2596,1298,14284,227,0,0
2598,1299,14286,227,0,0
2600,1300,14289,227,0,0
2602,1301,14298,227,0,0
2604,1302,14290,227,0,0
2606,1303,14293,227,0,0
2608,1304,14304,227,0,0
2610,1305,14294,227,0,0
2612,1306,14302,227,0,0
2614,1307,14297,227,0,0
2616,1308,14300,227,0,0
2618,1309,14311,227,0,0
2620,1310,14303,227,0,0
2622,1311,14313,227,0,0
2624,1312,14306,227,0,0
2626,1313,14312,227,0,0
2628,1314,14311,227,0,0
2630,1315,14309,227,0,0
2632,1316,14315,227,0,0
2634,1317,14311,227,0,0
2636,1318,14318,227,0,0
2638,1319,14310,227,0,0
2640,1320,14321,227,0,0
2642,1321,14314,227,0,0
2644,1322,14323,227,0,0
2646,1323,14330,227,0,0
2648,1324,14336,227,0,0
2650,1325,14331,227,0,0
2652,1326,14332,227,0,0
2654,1327,14339,227,0,0
2656,1328,14329,227,0,0
2658,1329,14327,227,0,0
2660,1330,14330,227,0,0
2662,1331,14329,227,0,0
2664,1332,14338,227,0,0
2666,1333,14332,227,0,0
2668,1334,14343,227,0,0
2670,1335,14336,227,0,0
2672,1336,14338,227,0,0
2674,1337,14341,227,0,0
2676,1338,14340,227,0,0
2678,1339,14348,227,0,0
2680,1340,14350,227,0,0
2682,1341,14351,227,0,0
2684,1342,14346,227,0,0
2686,1343,14354,227,0,0
2688,1344,14369,227,0,0
2690,1345,14351,227,0,0
2692,1346,14351,227,0,0
2694,1347,14351,227,0,0
2696,1348,14359,227,0,0
2698,1349,14358,227,0,0
2700,1350,14364,227,0,0
2702,1351,14358,227,0,0
2704,1352,14363,227,0,0
2706,1353,14357,227,0,0
2708,1354,14372,227,0,0
2710,1355,14363,227,0,0
2712,1356,14367,227,0,0
2714,1357,14369,227,0,0
2716,1358,14366,227,0,0
2718,1359,14369,227,0,0
2720,1360,14367,227,0,0
2722,1361,14374,227,0,0
2724,1362,14373,227,0,0
2726,1363,14380,227,0,0
2728,1364,14373,227,0,0
2730,1365,14384,227,0,0
2732,1366,14382,227,0,0
2734,1367,14378,227,0,0
2736,1368,14378,227,0,0
2738,1369,14381,227,0,0
2740,1370,14384,227,0,0
2742,1371,14391,227,0,0
2744,1372,14388,227,0,0
2746,1373,14385,227,0,0
2748,1374,14391,227,0,0
2750,1375,14386,227,0,0
2752,1376,14395,227,0,0
2754,1377,14391,227,0,0
2756,1378,14400,227,0,0
2758,1379,14392,227,0,0
2760,1380,14400,227,0,0
2762,1381,14392,227,0,0
2764,1382,14402,227,0,0
2766,1383,14394,227,0,0
2768,1384,14413,227,0,0
2770,1385,14406,227,0,0
2772,1386,14416,227,0,0
2774,1387,14406,227,0,0
2776,1388,14412,227,0,0
2778,1389,14411,227,0,0
2780,1390,14409,227,0,0
2782,1391,14408,227,0,0
2784,1392,14407,227,0,0
2786,1393,14411,227,0,0
2788,1394,14413,227,0,0
2790,1395,14415,227,0,0
2792,1396,14415,227,0,0
2794,1397,14419,227,0,0
2796,1398,14417,227,0,0
2798,1399,14423,227,0,0
2800,1400,14419,227,0,0
2802,1401,14424,227,0,0
2804,1402,14429,227,0,0
2806,1403,14428,227,0,0
2808,1404,14425,227,0,0
2810,1405,14429,227,0,0
2812,1406,14446,227,0,0
2814,1407,14434,227,0,0
2816,1408,14428,227,0,0
2818,1409,14436,227,0,0
2820,1410,14433,227,0,0
2822,1411,14438,227,0,0
2824,1412,14434,227,0,0
2826,1413,14440,227,0,0
2828,1414,14436,227,0,0
2830,1415,14440,227,0,0
2832,1416,14440,227,0,0
2834,1417,14445,227,0,0
2836,1418,14443,227,0,0
2838,1419,14449,227,0,0
2840,1420,14444,227,0,0
2842,1421,14448,227,0,0
2844,1422,14444,227,0,0
2846,1423,14450,227,0,0
2848,1424,14452,227,0,0
2850,1425,14454,227,0,0
2852,1426,14450,227,0,0
2854,1427,14456,227,0,0
2856,1428,14458,227,0,0
2858,1429,14457,227,0,0
2860,1430,14454,227,0,0
2862,1431,14464,227,0,0
2864,1432,14458,227,0,0
2866,1433,14460,227,0,0
2868,1434,14461,227,0,0
2870,1435,14467,227,0,0
2872,1436,14464,227,0,0
2874,1437,14463,227,0,0
2876,1438,14466,227,0,0
2878,1439,14466,227,0,0
2880,1440,14469,227,0,0
2882,1441,14467,227,0,0
2884,1442,14478,227,0,0
2886,1443,14466,227,0,0
2888,1444,14477,227,0,0
2890,1445,14468,227,0,0
2892,1446,14486,227,0,0
2894,1447,14480,227,0,0
2896,1448,14496,227,0,0
2898,1449,14479,227,0,0
2900,1450,14491,227,0,0
2902,1451,14483,227,0,0
2904,1452,14487,227,0,0
2906,1453,14480,227,0,0
2908,1454,14484,227,0,0
2910,1455,14482,227,0,0
2912,1456,14488,227,0,0
2914,1457,14486,227,0,0
2916,1458,14489,227,0,0
2918,1459,14489,227,0,0
2920,1460,14489,227,0,0
2922,1461,14492,227,0,0
2924,1462,14491,227,0,0
2926,1463,14503,227,0,0
2928,1464,14501,227,0,0
2930,1465,14503,227,0,0
2932,1466,14497,227,0,0
2934,1467,14502,227,0,0
2936,1468,14517,227,0,0
2938,1469,14505,227,0,0
2940,1470,14499,227,0,0
2942,1471,14503,227,0,0
2944,1472,14505,227,0,0
2946,1473,14505,227,0,0
2948,1474,14508,227,0,0
2950,1475,14506,227,0,0
2952,1476,14516,227,0,0
2954,1477,14505,227,0,0
2956,1478,14518,227,0,0
2958,1479,14511,227,0,0
2960,1480,14519,227,0,0
2962,1481,14514,227,0,0
2964,1482,14517,227,0,0
2966,1483,14514,227,0,0
2968,1484,14516,227,0,0
2970,1485,14516,227,0,0
2972,1486,14522,227,0,0
2974,1487,14529,227,0,0
2976,1488,14527,227,0,0
2978,1489,14529,227,0,0
2980,1490,14528,227,0,0
2982,1491,14529,227,0,0
2984,1492,14524,227,0,0
2986,1493,14528,227,0,0
2988,1494,14527,227,0,0
2990,1495,14535,227,0,0
2992,1496,14540,227,0,0
2994,1497,14528,227,0,0
2996,1498,14539,227,0,0
2998,1499,14530,227,0,0
3000,1500,14541,227,0,0
3002,1501,14534,227,0,0
3004,1502,14540,227,0,0
3006,1503,14536,227,0,0
3008,1504,14537,227,0,0
3010,1505,14545,227,0,0
3012,1506,14536,227,0,0
3014,1507,14544,227,0,0
3016,1508,14541,227,0,0
3018,1509,14553,227,0,0
3020,1510,14557,227,0,0
3022,1511,14549,227,0,0
3024,1512,14553,227,0,0
3026,1513,14550,227,0,0
3028,1514,14558,227,0,0
3030,1515,14547,227,0,0
3032,1516,14553,227,0,0
3034,1517,14549,227,0,0
3036,1518,14552,227,0,0
3038,1519,14553,227,0,0
3040,1520,14554,227,0,0
3042,1521,14564,227,0,0
3044,1522,14555,227,0,0
3046,1523,14565,227,0,0
3048,1524,14558,227,0,0
3050,1525,14565,227,0,0
3052,1526,14567,227,0,0
3054,1527,14562,227,0,0
3056,1528,14573,227,0,0
3058,1529,14562,227,0,0
3060,1530,14589,227,0,0
3062,1531,14566,227,0,0
3064,1532,14569,227,0,0
3066,1533,14568,227,0,0
3068,1534,14570,227,0,0
3070,1535,14579,227,0,0
3072,1536,14572,227,0,0
3074,1537,14578,227,0,0
3076,1538,14570,227,0,0
3078,1539,14574,227,0,0
3080,1540,14576,227,0,0
3082,1541,14575,227,0,0
3084,1542,14587,227,0,0
3086,1543,14579,227,0,0
3088,1544,14584,227,0,0
3090,1545,14578,227,0,0
3092,1546,14580,227,0,0
3094,1547,14581,227,0,0
3096,1548,14583,227,0,0
3098,1549,14591,227,0,0
3100,1550,14591,227,0,0
3102,1551,14589,227,0,0
3104,1552,14592,227,0,0
3106,1553,14588,227,0,0
3108,1554,14596,227,0,0
3110,1555,14594,227,0,0
3112,1556,14595,227,0,0
3114,1557,14598,227,0,0
3116,1558,14593,227,0,0
3118,1559,14607,227,0,0
3120,1560,14595,227,0,0
3122,1561,14599,227,0,0
3124,1562,14598,227,0,0
3126,1563,14599,227,0,0
3128,1564,14600,227,0,0
3130,1565,14598,227,0,0
3132,1566,14606,227,0,0
3134,1567,14598,227,0,0
3136,1568,14602,227,0,0
3138,1569,14600,227,0,0
3140,1570,14607,227,0,0
3142,1571,14618,227,0,0
3144,1572,14618,229,0,0
3146,1573,14613,227,0,0
3148,1574,14615,227,0,0
3150,1575,14612,227,0,0
3152,1576,14619,227,0,0
3154,1577,14609,227,0,0
3156,1578,14613,227,0,0
3158,1579,14611,227,0,0
3160,1580,14613,227,0,0
3162,1581,14622,227,0,0
3164,1582,14616,227,0,0
3166,1583,14620,227,0,0
3168,1584,14617,227,0,0
3170,1585,14619,227,0,0
3172,1586,14627,227,0,0
3174,1587,14620,227,0,0
3176,1588,14631,227,0,0
3178,1589,14623,227,0,0
3180,1590,14623,227,0,0
3182,1591,14631,227,0,0
3184,1592,14642,227,0,0
3186,1593,14629,227,0,0
3188,1594,14626,227,0,0
3190,1595,14628,227,0,0
3192,1596,14637,227,0,0
3194,1597,14630,227,0,0
3196,1598,14632,227,0,0
3198,1599,14643,227,0,0
3200,1600,14630,227,0,0
3202,1601,14637,227,0,0
3204,1602,14636,227,0,0
3206,1603,14636,227,0,0
3208,1604,14648,227,0,0
3210,1605,14639,227,0,0
3212,1606,14643,227,0,0
3214,1607,14637,227,0,0
3216,1608,14638,227,0,0
3218,1609,14648,227,0,0
3220,1610,14643,227,0,0
3222,1611,14646,227,0,0
3224,1612,14650,227,0,0
3226,1613,14645,227,0,0
3228,1614,14657,227,0,0
3230,1615,14647,227,0,0
3232,1616,14647,227,0,0
3234,1617,14658,227,0,0
3236,1618,14649,227,0,0
3238,1619,14655,227,0,0
3240,1620,14652,227,0,0
3242,1621,14655,227,0,0
3244,1622,14662,227,0,0
3246,1623,14652,227,0,0
3248,1624,14657,227,0,0
3250,1625,14666,227,0,0
3252,1626,14657,227,0,0
3254,1627,14661,227,0,0
3256,1628,14657,227,0,0
3258,1629,14655,227,0,0
3260,1630,14665,227,0,0
3262,1631,14657,227,0,0
3264,1632,14668,227,0,0
3266,1633,14668,227,0,0
3268,1634,14675,227,0,0
3270,1635,14672,227,0,0
3272,1636,14672,227,0,0
3274,1637,14669,227,0,0
3276,1638,14677,227,0,0
3278,1639,14666,227,0,0
3280,1640,14669,227,0,0
3282,1641,14679,227,0,0
3284,1642,14671,227,0,0
3286,1643,14676,227,0,0
3288,1644,14673,227,0,0
3290,1645,14673,227,0,0
3292,1646,14681,227,0,0
3294,1647,14676,227,0,0
3296,1648,14677,227,0,0
3298,1649,14688,227,0,0
3300,1650,14683,227,0,0
3302,1651,14683,227,0,0
3304,1652,14681,227,0,0
3306,1653,14679,227,0,0
3308,1654,14704,227,0,0
3310,1655,14683,227,0,0
3312,1656,14681,227,0,0
3314,1657,14693,227,0,0
3316,1658,14686,227,0,0
3318,1659,14687,227,0,0
3320,1660,14697,227,0,0
3322,1661,14687,227,0,0
3324,1662,14692,227,0,0
3326,1663,14687,227,0,0
3328,1664,14690,227,0,0
3330,1665,14697,227,0,0
3332,1666,14694,227,0,0
3334,1667,14693,227,0,0
3336,1668,14701,227,0,0
3338,1669,14692,227,0,0
3340,1670,14696,227,0,0
3342,1671,14704,227,0,0
3344,1672,14700,227,0,0
3346,1673,14701,227,0,0
3348,1674,14709,227,0,0
3350,1675,14699,227,0,0
3352,1676,14709,227,0,0
3354,1677,14702,227,0,0
3356,1678,14701,227,0,0
3358,1679,14708,227,0,0
3360,1680,14704,227,0,0
3362,1681,14710,227,0,0
3364,1682,14713,227,0,0
3366,1683,14710,227,0,0
3368,1684,14708,227,0,0
3370,1685,14715,227,0,0
3372,1686,14709,227,0,0
3374,1687,14711,227,0,0
3376,1688,14721,227,0,0
3378,1689,14710,227,0,0
3380,1690,14714,227,0,0
3382,1691,14721,227,0,0
3384,1692,14711,227,0,0
3386,1693,14715,227,0,0
3388,1694,14715,227,0,0
3390,1695,14721,227,0,0
3392,1696,14733,227,0,0
3394,1697,14720,227,0,0
3396,1698,14724,227,0,0
3398,1699,14729,227,0,0
3400,1700,14722,227,0,0
3402,1701,14719,227,0,0
3404,1702,14727,227,0,0
3406,1703,14721,227,0,0
3408,1704,14723,227,0,0
3410,1705,14732,227,0,0
3412,1706,14726,227,0,0
3414,1707,14726,227,0,0
3416,1708,14735,227,0,0
3418,1709,14729,227,0,0
3420,1710,14728,227,0,0
3422,1711,14740,227,0,0
3424,1712,14736,227,0,0
3426,1713,14733,227,0,0
3428,1714,14742,227,0,0
3430,1715,14732,227,0,0
3432,1716,14752,227,0,0
3434,1717,14745,227,0,0
3436,1718,14734,227,0,0
3438,1719,14739,227,0,0
3440,1720,14749,227,0,0
3442,1721,14737,227,0,0
3444,1722,14740,227,0,0
3446,1723,14750,227,0,0
3448,1724,14740,227,0,0
3450,1725,14741,227,0,0
3452,1726,14754,227,0,0
3454,1727,14743,227,0,0
3456,1728,14748,227,0,0
3458,1729,14757,227,0,0
3460,1730,14745,227,0,0
3462,1731,14746,227,0,0
3464,1732,14758,227,0,0
3466,1733,14746,227,0,0
3468,1734,14751,227,0,0
3470,1735,14760,227,0,0
3472,1736,14749,227,0,0
3474,1737,14753,227,0,0
3476,1738,14767,227,0,0
3478,1739,14751,227,0,0
3480,1740,14754,227,0,0
3482,1741,14764,227,0,0
3484,1742,14754,227,0,0
3486,1743,14763,227,0,0
3488,1744,14767,227,0,0
3490,1745,14755,227,0,0
3492,1746,14759,227,0,0
3494,1747,14766,227,0,0
3496,1748,14759,227,0,0
3498,1749,14761,227,0,0
3500,1750,14771,227,0,0
3502,1751,14760,227,0,0
3504,1752,14762,227,0,0
3506,1753,14769,227,0,0
3508,1754,14761,227,0,0
3510,1755,14761,227,0,0
3512,1756,14773,227,0,0
3514,1757,14771,227,0,0
3516,1758,14777,227,0,0
3518,1759,14777,227,0,0
3520,1760,14774,227,0,0
3522,1761,14771,227,0,0
3524,1762,14778,227,0,0
3526,1763,14769,227,0,0
3528,1764,14769,227,0,0
3530,1765,14776,227,0,0
3532,1766,14773,227,0,0
3534,1767,14773,227,0,0
3536,1768,14780,227,0,0
3538,1769,14776,227,0,0
3540,1770,14775,227,0,0
3542,1771,14781,227,0,0
3544,1772,14789,227,0,0
3546,1773,14779,227,0,0
3548,1774,14787,227,0,0
3550,1775,14791,227,0,0
3552,1776,14781,227,0,0
3554,1777,14782,227,0,0
3556,1778,14806,227,0,0
3558,1779,14783,227,0,0
3560,1780,14782,227,0,0
3562,1781,14793,227,0,0
3564,1782,14786,227,0,0
3566,1783,14785,227,0,0
3568,1784,14793,227,0,0
3570,1785,14788,227,0,0
3572,1786,14787,227,0,0
3574,1787,14792,227,0,0
3576,1788,14791,227,0,0
3578,1789,14790,227,0,0
3580,1790,14796,227,0,0
3582,1791,14805,227,0,0
3584,1792,14791,227,0,0
3586,1793,14794,227,0,0
3588,1794,14804,227,0,0
3590,1795,14794,227,0,0
3592,1796,14796,227,0,0
3594,1797,14805,227,0,0
3596,1798,14796,227,0,0
3598,1799,14797,227,0,0
3600,1800,14809,227,0,0
3602,1801,14800,227,0,0
3604,1802,14798,227,0,0
3606,1803,14804,227,0,0
3608,1804,14814,227,0,0
3610,1805,14807,227,0,0
3612,1806,14805,227,0,0
3614,1807,14812,227,0,0
3616,1808,14805,227,0,0
3618,1809,14803,227,0,0
3620,1810,14814,227,0,0
3622,1811,14806,227,0,0
3624,1812,14808,227,0,0
3626,1813,14813,227,0,0
3628,1814,14808,227,0,0
3630,1815,14806,227,0,0
3632,1816,14811,227,0,0
3634,1817,14819,227,0,0
3636,1818,14811,227,0,0
3638,1819,14817,227,0,0
3640,1820,14832,228,0,0
3642,1821,14816,227,0,0
3644,1822,14819,227,0,0
3646,1823,14824,227,0,0
3648,1824,14817,227,0,0
3650,1825,14815,227,0,0
3652,1826,14819,227,0,0
3654,1827,14828,227,0,0
3656,1828,14819,227,0,0
3658,1829,14819,227,0,0
3660,1830,14829,227,0,0
3662,1831,14821,227,0,0
3664,1832,14821,227,0,0
3666,1833,14829,227,0,0
3668,1834,14823,227,0,0
3670,1835,14825,227,0,0
3672,1836,14833,227,0,0
3674,1837,14837,227,0,0
3676,1838,14826,227,0,0
3678,1839,14826,227,0,0
3680,1840,14850,227,0,0
3682,1841,14829,227,0,0
3684,1842,14827,227,0,0
3686,1843,14835,227,0,0
3688,1844,14844,227,0,0
3690,1845,14831,227,0,0
3692,1846,14833,227,0,0
3694,1847,14842,227,0,0
3696,1848,14833,227,0,0
3698,1849,14831,227,0,0
3700,1850,14841,227,0,0
3702,1851,14836,227,0,0
3704,1852,14837,227,0,0
3706,1853,14840,227,0,0
3708,1854,14848,227,0,0
3710,1855,14837,227,0,0
3712,1856,14836,227,0,0
3714,1857,14846,227,0,0
3716,1858,14841,227,0,0
3718,1859,14841,227,0,0
3720,1860,14844,227,0,0
3722,1861,14854,227,0,0
3724,1862,14847,227,0,0
3726,1863,14844,227,0,0
3728,1864,14851,227,0,0
3730,1865,14848,227,0,0
3732,1866,14845,227,0,0
3734,1867,14855,227,0,0
3736,1868,14859,227,0,0
3738,1869,14851,227,0,0
3740,1870,14849,227,0,0
3742,1871,14855,227,0,0
3744,1872,14850,227,0,0
3746,1873,14850,227,0,0
3748,1874,14856,227,0,0
3750,1875,14863,227,0,0
3752,1876,14851,227,0,0
3754,1877,14850,227,0,0
3756,1878,14859,227,0,0
3758,1879,14852,227,0,0
3760,1880,14854,227,0,0
3762,1881,14863,227,0,0
3764,1882,14878,227,0,0
3766,1883,14859,227,0,0
3768,1884,14862,227,0,0
3770,1885,14868,227,0,0
3772,1886,14860,227,0,0
3774,1887,14858,227,0,0
3776,1888,14861,227,0,0
3778,1889,14870,227,0,0
3780,1890,14862,227,0,0
3782,1891,14861,227,0,0
3784,1892,14869,227,0,0
3786,1893,14864,227,0,0
3788,1894,14864,227,0,0
3790,1895,14867,227,0,0
3792,1896,14874,227,0,0
3794,1897,14866,227,0,0
3796,1898,14871,227,0,0
3798,1899,14872,227,0,0
3800,1900,14881,227,0,0
3802,1901,14868,227,0,0
3804,1902,14883,227,0,0
3806,1903,14878,227,0,0
3808,1904,14870,227,0,0
3810,1905,14870,227,0,0
3812,1906,14876,227,0,0
3814,1907,14883,227,0,0
3816,1908,14873,227,0,0
3818,1909,14874,227,0,0
3820,1910,14880,227,0,0
3822,1911,14887,227,0,0
3824,1912,14877,227,0,0
3826,1913,14877,227,0,0
3828,1914,14887,227,0,0
3830,1915,14880,227,0,0
3832,1916,14877,227,0,0
3834,1917,14880,227,0,0
3836,1918,14891,227,0,0
3838,1919,14880,227,0,0
3840,1920,14881,227,0,0
3842,1921,14888,227,0,0
3844,1922,14895,227,0,0
3846,1923,14883,227,0,0
3848,1924,14888,227,0,0
3850,1925,14892,227,0,0
3852,1926,14885,227,0,0
3854,1927,14889,227,0,0
3856,1928,14891,227,0,0
3858,1929,14897,227,0,0
3860,1930,14888,227,0,0
3862,1931,14887,227,0,0
3864,1932,14893,227,0,0
3866,1933,14900,227,0,0
3868,1934,14891,227,0,0
3870,1935,14890,227,0,0
3872,1936,14899,227,0,0
3874,1937,14892,227,0,0
3876,1938,14892,227,0,0
3878,1939,14891,227,0,0
3880,1940,14900,227,0,0
3882,1941,14892,227,0,0
3884,1942,14895,227,0,0
3886,1943,14902,227,0,0
3888,1944,14916,228,0,0
3890,1945,14900,227,0,0
3892,1946,14903,227,0,0
3894,1947,14905,227,0,0
3896,1948,14912,227,0,0
3898,1949,14899,227,0,0
3900,1950,14898,227,0,0
3902,1951,14905,227,0,0
3904,1952,14915,227,0,0
3906,1953,14902,227,0,0
3908,1954,14902,227,0,0
3910,1955,14910,227,0,0
3912,1956,14904,227,0,0
3914,1957,14905,227,0,0
3916,1958,14905,227,0,0
3918,1959,14914,227,0,0
3920,1960,14912,227,0,0
3922,1961,14908,227,0,0
3924,1962,14910,227,0,0
3926,1963,14917,227,0,0
3928,1964,14923,227,0,0
3930,1965,14910,227,0,0
3932,1966,14912,227,0,0
3934,1967,14922,227,0,0
3936,1968,14913,227,0,0
3938,1969,14912,227,0,0
3940,1970,14916,227,0,0
3942,1971,14925,227,0,0
3944,1972,14914,227,0,0
3946,1973,14912,227,0,0
3948,1974,14920,227,0,0
3950,1975,14928,227,0,0
3952,1976,14918,227,0,0
3954,1977,14918,227,0,0
3956,1978,14923,227,0,0
3958,1979,14930,227,0,0
3960,1980,14918,227,0,0
3962,1981,14919,227,0,0
3964,1982,14926,227,0,0
3966,1983,14935,227,0,0
3968,1984,14921,227,0,0
3970,1985,14922,227,0,0
3972,1986,14933,227,0,0
3974,1987,14938,227,0,0
3976,1988,14923,227,0,0
3978,1989,14927,227,0,0
3980,1990,14932,227,0,0
3982,1991,14945,227,0,0
3984,1992,14927,227,0,0
3986,1993,14925,227,0,0
3988,1994,14935,227,0,0
3990,1995,14941,227,0,0
3992,1996,14929,227,0,0
3994,1997,14928,227,0,0
3996,1998,14938,227,0,0
3998,1999,14944,227,0,0
4000,2000,14930,227,0,0
4002,2001,14928,227,0,0
4004,2002,14937,227,0,0
4006,2003,14944,227,0,0
4008,2004,14933,227,0,0
4010,2005,14937,227,0,0
4012,2006,14951,227,0,0
4014,2007,14951,227,0,0
4016,2008,14941,227,0,0
4018,2009,14938,227,0,0
4020,2010,14944,227,0,0
4022,2011,14950,227,0,0
4024,2012,14936,227,0,0
4026,2013,14937,227,0,0
4028,2014,14943,227,0,0
4030,2015,14953,227,0,0
4032,2016,14941,227,0,0
4034,2017,14941,227,0,0
4036,2018,14947,227,0,0
4038,2019,14956,227,0,0
4040,2020,14943,227,0,0
4042,2021,14944,227,0,0
4044,2022,14954,227,0,0
4046,2023,14958,227,0,0
4048,2024,14946,227,0,0
4050,2025,14945,227,0,0
4052,2026,14964,227,0,0
4054,2027,14959,227,0,0
4056,2028,14947,228,0,0
4058,2029,14948,227,0,0
4060,2030,14955,227,0,0
4062,2031,14960,227,0,0
4064,2032,14950,227,0,0
4066,2033,14950,227,0,0
4068,2034,14953,227,0,0
4070,2035,14959,227,0,0
4072,2036,14953,227,0,0
4074,2037,14953,227,0,0
4076,2038,14956,227,0,0
4078,2039,14964,227,0,0
4080,2040,14955,227,0,0
4082,2041,14953,227,0,0
4084,2042,14954,227,0,0
4086,2043,14963,227,0,0
4088,2044,14958,227,0,0
4090,2045,14958,227,0,0
4092,2046,14957,227,0,0
4094,2047,14965,227,0,0
4096,2048,14976,227,0,0
4098,2049,14960,227,0,0
4100,2050,14959,227,0,0
4102,2051,14969,227,0,0
4104,2052,14973,227,0,0
4106,2053,14967,227,0,0
4108,2054,14963,227,0,0
4110,2055,14965,227,0,0
4112,2056,14974,227,0,0
4114,2057,14963,227,0,0
4116,2058,14965,227,0,0
4118,2059,14966,227,0,0
4120,2060,14975,227,0,0
4122,2061,14966,227,0,0
4124,2062,14966,227,0,0
4126,2063,14964,227,0,0
4128,2064,14973,227,0,0
4130,2065,14980,227,0,0
4132,2066,14972,227,0,0
4134,2067,14973,227,0,0
4136,2068,14984,227,0,0
4138,2069,14984,227,0,0
4140,2070,14976,227,0,0
4142,2071,14974,227,0,0
4144,2072,14976,227,0,0
4146,2073,14982,227,0,0
4148,2074,14972,227,0,0
4150,2075,14973,227,0,0
4152,2076,14976,227,0,0
4154,2077,14982,227,0,0
4156,2078,14991,227,0,0
4158,2079,14976,227,0,0
4160,2080,14976,227,0,0
4162,2081,14983,227,0,0
4164,2082,14990,227,0,0
4166,2083,14980,227,0,0
4168,2084,14984,227,0,0
4170,2085,14983,227,0,0
4172,2086,14991,227,0,0
4174,2087,14980,227,0,0
4176,2088,14995,227,0,0
4178,2089,14983,227,0,0
4180,2090,14989,227,0,0
4182,2091,14998,227,0,0
4184,2092,14985,227,0,0
4186,2093,14984,227,0,0
4188,2094,14989,227,0,0
4190,2095,14997,227,0,0
4192,2096,14984,227,0,0
4194,2097,14984,227,0,0
4196,2098,14990,227,0,0
4198,2099,14997,227,0,0
4200,2100,14990,227,0,0
4202,2101,14989,227,0,0
4204,2102,14989,227,0,0
4206,2103,14995,227,0,0
4208,2104,15004,227,0,0
4210,2105,14990,227,0,0
4212,2106,14991,227,0,0
4214,2107,14995,227,0,0
4216,2108,15007,227,0,0
4218,2109,14993,227,0,0
4220,2110,14997,227,0,0
4222,2111,14993,227,0,0
4224,2112,15001,227,0,0
4226,2113,15012,227,0,0
4228,2114,14996,227,0,0
4230,2115,15000,227,0,0
4232,2116,15000,227,0,0
4234,2117,15007,227,0,0
4236,2118,14999,227,0,0
4238,2119,14996,227,0,0
4240,2120,14999,227,0,0
4242,2121,15006,227,0,0
4244,2122,15015,227,0,0
4246,2123,15000,227,0,0
4248,2124,14999,227,0,0
4250,2125,15003,227,0,0
4252,2126,15010,227,0,0
4254,2127,15000,227,0,0
4256,2128,15002,227,0,0
4258,2129,15007,227,0,0
4260,2130,15020,227,0,0
4262,2131,15020,227,0,0
4264,2132,15010,227,0,0
4266,2133,15008,227,0,0
4268,2134,15010,227,0,0
4270,2135,15016,227,0,0
4272,2136,15006,227,0,0
4274,2137,15006,227,0,0
4276,2138,15008,227,0,0
4278,2139,15014,227,0,0
4280,2140,15022,227,0,0
4282,2141,15010,227,0,0
4284,2142,15010,227,0,0
4286,2143,15013,227,0,0
4288,2144,15020,227,0,0
4290,2145,15013,227,0,0
4292,2146,15017,227,0,0
4294,2147,15013,227,0,0
4296,2148,15018,227,0,0
4298,2149,15025,227,0,0
4300,2150,15027,227,0,0
4302,2151,15015,227,0,0
4304,2152,15015,227,0,0
4306,2153,15022,227,0,0
4308,2154,15032,227,0,0
4310,2155,15017,227,0,0
4312,2156,15017,227,0,0
4314,2157,15021,227,0,0
4316,2158,15028,227,0,0
4318,2159,15018,227,0,0
4320,2160,15020,227,0,0
4322,2161,15020,227,0,0
4324,2162,15027,227,0,0
4326,2163,15034,227,0,0
4328,2164,15022,227,0,0
4330,2165,15021,227,0,0
4332,2166,15022,227,0,0
4334,2167,15030,227,0,0
4336,2168,15038,227,0,0
4338,2169,15025,227,0,0
4340,2170,15029,227,0,0
4342,2171,15028,227,0,0
4344,2172,15039,227,0,0
4346,2173,15027,227,0,0
4348,2174,15026,227,0,0
4350,2175,15026,227,0,0
4352,2176,15032,227,0,0
4354,2177,15039,227,0,0
4356,2178,15030,227,0,0
4358,2179,15032,227,0,0
4360,2180,15030,227,0,0
4362,2181,15035,227,0,0
4364,2182,15044,227,0,0
4366,2183,15031,227,0,0
4368,2184,15032,227,0,0
4370,2185,15032,227,0,0
4372,2186,15039,227,0,0
4374,2187,15045,227,0,0
4376,2188,15032,227,0,0
4378,2189,15031,227,0,0
4380,2190,15037,227,0,0
4382,2191,15048,227,0,0
4384,2192,15045,227,0,0
4386,2193,15038,227,0,0
4388,2194,15041,227,0,0
4390,2195,15043,227,0,0
4392,2196,15049,227,0,0
4394,2197,15037,227,0,0
4396,2198,15037,227,0,0
4398,2199,15037,227,0,0
4400,2200,15044,227,0,0
4402,2201,15051,227,0,0
4404,2202,15041,227,0,0
4406,2203,15041,227,0,0
4408,2204,15041,227,0,0
4410,2205,15048,227,0,0
4412,2206,15054,227,0,0
4414,2207,15045,227,0,0
4416,2208,15048,227,0,0
4418,2209,15044,227,0,0
4420,2210,15051,227,0,0
4422,2211,15058,227,0,0
4424,2212,15057,227,0,0
4426,2213,15046,227,0,0
4428,2214,15046,228,0,0
4430,2215,15055,227,0,0
4432,2216,15064,227,0,0
4434,2217,15048,227,0,0
4436,2218,15048,227,0,0
4438,2219,15050,227,0,0
4440,2220,15055,227,0,0
4442,2221,15063,227,0,0
4444,2222,15051,227,0,0
4446,2223,15051,227,0,0
4448,2224,15054,227,0,0
4450,2225,15061,227,0,0
4452,2226,15067,227,0,0
4454,2227,15052,227,0,0
4456,2228,15052,227,0,0
4458,2229,15054,227,0,0
4460,2230,15063,227,0,0
4462,2231,15070,227,0,0
4464,2232,15060,227,0,0
4466,2233,15056,227,0,0
4468,2234,15061,227,0,0
4470,2235,15066,227,0,0
4472,2236,15072,227,0,0
4474,2237,15061,227,0,0
4476,2238,15058,227,0,0
4478,2239,15059,227,0,0
4480,2240,15068,227,0,0
4482,2241,15077,227,0,0
4484,2242,15061,227,0,0
4486,2243,15058,227,0,0
4488,2244,15064,227,0,0
4490,2245,15069,227,0,0
4492,2246,15078,227,0,0
4494,2247,15062,227,0,0
4496,2248,15062,227,0,0
4498,2249,15062,227,0,0
4500,2250,15070,227,0,0
4502,2251,15076,227,0,0
4504,2252,15067,227,0,0
4506,2253,15068,227,0,0
4508,2254,15075,228,0,0
4510,2255,15075,227,0,0
4512,2256,15085,227,0,0
4514,2257,15070,227,0,0
4516,2258,15068,227,0,0
4518,2259,15067,227,0,0
4520,2260,15073,227,0,0
4522,2261,15081,227,0,0
4524,2262,15069,227,0,0
4526,2263,15069,227,0,0
4528,2264,15070,227,0,0
4530,2265,15077,227,0,0
4532,2266,15084,227,0,0
4534,2267,15072,227,0,0
4536,2268,15072,227,0,0
4538,2269,15073,227,0,0
4540,2270,15082,227,0,0
4542,2271,15085,227,0,0
4544,2272,15075,227,0,0
4546,2273,15074,227,0,0
4548,2274,15086,227,0,0
4550,2275,15080,227,0,0
4552,2276,15085,227,0,0
4554,2277,15077,227,0,0
4556,2278,15078,227,0,0
4558,2279,15077,227,0,0
4560,2280,15080,227,0,0
4562,2281,15087,227,0,0
4564,2282,15094,227,0,0
4566,2283,15078,227,0,0
4568,2284,15080,227,0,0
4570,2285,15081,227,0,0
4572,2286,15090,227,0,0
4574,2287,15096,227,0,0
4576,2288,15082,227,0,0
4578,2289,15081,227,0,0
4580,2290,15082,227,0,0
4582,2291,15088,227,0,0
4584,2292,15097,227,0,0
4586,2293,15084,227,0,0
4588,2294,15083,227,0,0
4590,2295,15084,227,0,0
4592,2296,15093,227,0,0
4594,2297,15097,227,0,0
4596,2298,15086,227,0,0
4598,2299,15086,227,0,0
4600,2300,15086,227,0,0
4602,2301,15094,227,0,0
4604,2302,15097,227,0,0
4606,2303,15107,227,0,0
4608,2304,15089,227,0,0
4610,2305,15087,227,0,0
4612,2306,15090,227,0,0
4614,2307,15097,227,0,0
4616,2308,15105,227,0,0
4618,2309,15090,227,0,0
4620,2310,15090,227,0,0
4622,2311,15089,227,0,0
4624,2312,15095,227,0,0
4626,2313,15102,227,0,0
4628,2314,15093,227,0,0
4630,2315,15097,227,0,0
4632,2316,15102,227,0,0
4634,2317,15099,227,0,0
4636,2318,15108,227,0,0
4638,2319,15113,227,0,0
4640,2320,15097,227,0,0
4642,2321,15095,227,0,0
4644,2322,15095,227,0,0
4646,2323,15102,227,0,0
4648,2324,15111,227,0,0
4650,2325,15098,227,0,0
4652,2326,15099,227,0,0
4654,2327,15098,227,0,0
4656,2328,15103,227,0,0
4658,2329,15110,227,0,0
4660,2330,15117,227,0,0
4662,2331,15102,227,0,0
4664,2332,15105,227,0,0
4666,2333,15103,227,0,0
4668,2334,15110,227,0,0
4670,2335,15116,227,0,0
4672,2336,15114,227,0,0
4674,2337,15103,227,0,0
4676,2338,15102,227,0,0
4678,2339,15109,227,0,0
4680,2340,15117,227,0,0
4682,2341,15106,227,0,0
4684,2342,15105,227,0,0
4686,2343,15106,227,0,0
4688,2344,15106,227,0,0
4690,2345,15113,227,0,0
4692,2346,15122,227,0,0
4694,2347,15108,227,0,0
4696,2348,15109,227,0,0
4698,2349,15109,227,0,0
4700,2350,15114,227,0,0
4702,2351,15119,227,0,0
4704,2352,15109,227,0,0
4706,2353,15109,227,0,0
4708,2354,15111,227,0,0
4710,2355,15113,227,0,0
4712,2356,15118,227,0,0
4714,2357,15126,227,0,0
4716,2358,15116,227,0,0
4718,2359,15112,227,0,0
4720,2360,15112,227,0,0
4722,2361,15120,227,0,0
4724,2362,15124,227,0,0
4726,2363,15131,227,0,0
4728,2364,15115,227,0,0
4730,2365,15118,227,0,0
4732,2366,15117,227,0,0
4734,2367,15121,227,0,0
4736,2368,15130,227,0,0
4738,2369,15117,227,0,0
4740,2370,15118,227,0,0
4742,2371,15117,227,0,0
4744,2372,15120,227,0,0
4746,2373,15126,227,0,0
4748,2374,15133,227,0,0
4750,2375,15117,227,0,0
4752,2376,15122,227,0,0
4754,2377,15123,227,0,0
4756,2378,15134,227,0,0
4758,2379,15134,227,0,0
4760,2380,15126,227,0,0
4762,2381,15124,227,0,0
4764,2382,15123,227,0,0
4766,2383,15123,227,0,0
4768,2384,15129,227,0,0
4770,2385,15136,227,0,0
4772,2386,15125,227,0,0
4774,2387,15124,227,0,0
4776,2388,15125,227,0,0
4778,2389,15128,227,0,0
4780,2390,15134,227,0,0
4782,2391,15142,227,0,0
4784,2392,15127,227,0,0
4786,2393,15127,227,0,0
4788,2394,15131,227,0,0
4790,2395,15133,227,0,0
4792,2396,15139,227,0,0
4794,2397,15145,227,0,0
4796,2398,15140,227,0,0
4798,2399,15130,227,0,0
4800,2400,15129,228,0,0
4802,2401,15137,227,0,0
4804,2402,15144,227,0,0
4806,2403,15132,227,0,0
4808,2404,15133,227,0,0
4810,2405,15132,227,0,0
4812,2406,15132,227,0,0
4814,2407,15139,227,0,0
4816,2408,15145,227,0,0
4818,2409,15134,227,0,0
4820,2410,15136,227,0,0
4822,2411,15135,227,0,0
4824,2412,15137,227,0,0
4826,2413,15143,227,0,0
4828,2414,15151,227,0,0
4830,2415,15136,227,0,0
4832,2416,15137,227,0,0
4834,2417,15137,227,0,0
4836,2418,15140,227,0,0
4838,2419,15148,227,0,0
4840,2420,15157,227,0,0
4842,2421,15139,227,0,0
4844,2422,15138,227,0,0
4846,2423,15142,227,0,0
4848,2424,15144,227,0,0
4850,2425,15155,227,0,0
4852,2426,15157,227,0,0
4854,2427,15144,227,0,0
4856,2428,15142,227,0,0
4858,2429,15140,227,0,0
4860,2430,15147,227,0,0
4862,2431,15153,227,0,0
4864,2432,15161,227,0,0
4866,2433,15143,227,0,0
4868,2434,15143,227,0,0
4870,2435,15142,227,0,0
4872,2436,15148,227,0,0
4874,2437,15154,227,0,0
4876,2438,15165,227,0,0
4878,2439,15149,227,0,0
4880,2440,15154,227,0,0
4882,2441,15148,227,0,0
4884,2442,15157,227,0,0
4886,2443,15161,227,0,0
4888,2444,15149,227,0,0
4890,2445,15147,227,0,0
4892,2446,15147,227,0,0
4894,2447,15147,227,0,0
4896,2448,15155,227,0,0
4898,2449,15161,227,0,0
4900,2450,15151,227,0,0
4902,2451,15150,227,0,0
4904,2452,15151,227,0,0
4906,2453,15151,227,0,0
4908,2454,15157,227,0,0
4910,2455,15165,227,0,0
4912,2456,15174,227,0,0
4914,2457,15154,227,0,0
4916,2458,15154,227,0,0
4918,2459,15153,227,0,0
4920,2460,15171,227,0,0
4922,2461,15167,227,0,0
4924,2462,15172,227,0,0
4926,2463,15156,227,0,0
4928,2464,15158,227,0,0
4930,2465,15156,227,0,0
4932,2466,15163,227,0,0
4934,2467,15168,227,0,0
4936,2468,15175,227,0,0
4938,2469,15156,227,0,0
4940,2470,15159,227,0,0
4942,2471,15158,227,0,0
4944,2472,15165,227,0,0
4946,2473,15171,227,0,0
4948,2474,15177,227,0,0
4950,2475,15160,227,0,0
4952,2476,15159,227,0,0
4954,2477,15160,227,0,0
4956,2478,15165,227,0,0
4958,2479,15172,227,0,0
4960,2480,15181,227,0,0
4962,2481,15163,227,0,0
4964,2482,15166,227,0,0
4966,2483,15163,227,0,0
4968,2484,15166,227,0,0
4970,2485,15176,227,0,0
4972,2486,15179,227,0,0
4974,2487,15169,227,0,0
4976,2488,15166,227,0,0
4978,2489,15164,227,0,0
4980,2490,15167,227,0,0
4982,2491,15173,227,0,0
4984,2492,15182,227,0,0
4986,2493,15167,227,0,0
4988,2494,15169,227,0,0
4990,2495,15167,227,0,0
4992,2496,15168,227,0,0
4994,2497,15173,227,0,0
4996,2498,15179,227,0,0
4998,2499,15186,227,0,0
5000,2500,15193,227,0,0

