2,1,9996,4,43397,0
4,2,11898,6,35590,9
6,3,10947,8,58552,3647
8,4,13000,8,143,0
10,5,11901,8,31636,0
12,6,9522,8,8609,0
14,7,10986,11,56715,0
16,8,10580,12,42635,0
18,9,9995,16,24470,0
20,10,10690,15,20026,0
22,11,8010,16,9785,0
24,12,13368,17,9316,0
26,13,13555,17,4082,0
28,14,8464,20,61374,0
30,15,10540,21,58736,0
32,16,9126,27,53751,0
34,17,10668,25,51788,0
36,18,8770,31,48246,0
38,19,5772,32,48074,0
40,20,7932,31,46295,0
42,21,7368,30,38084,0
44,22,9658,34,41063,0
46,23,7522,37,37037,0
48,24,11247,38,37500,0
50,25,14184,43,37067,0
52,26,11961,43,33619,0
54,27,11490,46,30378,0
56,28,12895,48,32216,0
58,29,12948,49,30096,0
60,30,10750,49,27953,0
62,31,9240,52,22009,0
64,32,9813,54,20489,0
66,33,9047,54,20362,0
68,34,10880,59,23129,0
70,35,11901,60,23808,0
72,36,13452,63,23662,0
74,37,14985,65,25758,0
76,38,13977,67,24087,0
78,39,14850,69,24323,0
80,40,8448,64,15940,0
82,41,13836,73,21501,0
84,42,13748,75,21289,0
86,43,13632,74,20453,0
88,44,13655,77,19489,0
90,45,9248,70,12490,0
92,46,12762,78,17021,0
94,47,10674,74,15495,0
96,48,10494,82,15160,0
98,49,11092,82,14453,0
100,50,9801,73,9804,0
102,51,9613,73,9616,0
104,52,9431,71,9434,0
106,53,9257,75,9259,0
108,54,9089,76,9091,0
110,55,8927,73,8929,0
112,56,11692,86,11695,0
114,57,11492,85,11494,0
116,58,11296,92,11299,0
118,59,11108,87,11110,0
120,60,10926,90,10928,0
122,61,10750,86,10752,0
124,62,11901,105,11904,0
126,63,11715,103,11718,0
128,64,12304,102,12306,0
130,65,12116,110,12120,0
132,66,12324,110,11842,0
134,67,13185,119,12066,0
136,68,13446,122,12249,0
138,69,14168,122,12259,0
140,70,14080,120,12323,0
142,71,14135,127,12601,0
144,72,14612,129,12572,0
146,73,9006,92,4506,0
148,74,8647,92,4685,0
150,75,11042,107,7634,0
152,76,15209,143,12758,0
154,77,14931,145,12107,0
156,78,14756,142,11602,0
158,79,14058,130,10936,0
160,80,14063,139,10334,0
162,81,13512,141,9941,0
164,82,12044,131,9035,0
166,83,11900,133,8927,0
168,84,11760,124,7842,0
170,85,11625,122,7751,0
172,86,11492,104,5747,0
174,87,11361,127,7575,0
176,88,11232,106,5617,0
178,89,11108,106,5555,0
180,90,8894,92,2094,0
182,91,9135,82,1733,0
184,92,9157,81,1594,0
186,93,9071,103,1566,0
188,94,9082,105,1443,0
190,95,9273,97,1142,0
192,96,9460,91,848,0
194,97,12858,161,8059,0
196,98,13404,167,7865,0
198,99,13326,170,7777,0
200,100,9899,43,1,0
202,101,12250,153,7351,0
204,102,12130,158,7280,0
206,103,12480,155,7117,0
208,104,12692,153,6348,0
210,105,11785,171,7074,0
212,106,12456,144,6229,0
214,107,12340,156,6172,0
216,108,12228,148,6115,0
218,109,12116,153,6059,0
220,110,12008,151,6005,0
222,111,11900,154,5951,0
224,112,12570,160,4657,0
226,113,12711,157,4532,0
228,114,12852,140,4410,0
230,115,12927,133,4310,0
232,116,12816,132,4273,0
234,117,12708,132,4237,0
236,118,12600,134,4201,0
238,119,12495,136,4166,0
240,120,12393,139,4132,0
242,121,12291,136,4098,0
244,122,12192,137,4065,0
246,123,12093,138,4032,0
248,124,10664,134,2667,0
250,125,10578,138,2645,0
252,126,10496,135,2624,0
254,127,10414,136,2604,0
256,128,10332,142,2583,0
258,129,10254,140,2564,0
260,130,10174,133,2544,0
262,131,10098,143,2525,0
264,132,10022,140,2506,0
266,133,10328,140,2297,0
268,134,10236,141,2287,0
270,135,10500,139,2101,0
272,136,10132,142,2232,0
274,137,9866,149,2312,0
276,138,10218,144,2083,0
278,139,10654,137,1814,0
280,140,10636,130,1773,0
282,141,10582,145,1750,0
284,142,10594,141,1695,0
286,143,10700,129,1593,0
288,144,11030,136,1380,0
290,145,10798,134,1449,0
292,146,10706,129,1447,0
294,147,11000,128,1255,0
296,148,10780,149,1320,0
298,149,10966,130,1182,0
300,150,10938,132,1152,0
302,151,6577,49,0,0
304,152,6534,47,0,0
306,153,6492,47,0,0
308,154,6450,46,0,0
310,155,6409,45,0,0
312,156,6368,47,0,0
314,157,6328,46,0,0
316,158,6288,46,0,0
318,159,6249,46,0,0
320,160,6210,46,0,0
322,161,6171,50,0,0
324,162,6133,42,0,0
326,163,6096,61,0,0
328,164,6059,50,0,0
330,165,6023,48,0,0
332,166,5987,48,0,0
334,167,5951,49,0,0
336,168,5916,46,0,0
338,169,5881,48,0,0
340,170,5846,49,0,0
342,171,5812,49,0,0
344,172,5779,48,0,0
346,173,5746,46,0,0
348,174,5713,50,0,0
350,175,5680,46,0,0
352,176,5648,48,0,0
354,177,5616,48,0,0
356,178,5585,48,0,0
358,179,5554,47,0,0
360,180,5523,48,0,0
362,181,5493,52,0,0
364,182,5463,47,0,0
366,183,5433,44,0,0
368,184,5404,43,0,0
370,185,5375,47,0,0
372,186,5346,50,0,0
374,187,5318,47,0,0
376,188,5290,47,0,0
378,189,5262,46,0,0
380,190,5234,48,0,0
382,191,5207,48,0,0
384,192,5180,52,0,0
386,193,5153,42,0,0
388,194,5127,47,0,0
390,195,5101,50,0,0
392,196,5075,45,0,0
394,197,5049,49,0,0
396,198,5024,49,0,0
398,199,4999,49,0,0
400,200,4974,48,0,0
402,201,4949,51,0,0
404,202,4925,44,0,0
406,203,4900,40,0,0
408,204,5110,45,0,233
410,205,5314,49,0,461
412,206,5516,50,0,687
414,207,5361,48,0,555
416,208,5278,50,0,495
418,209,6120,45,0,1360
420,210,6311,50,0,1573
422,211,5803,48,0,1088
424,212,5789,48,0,1096
426,213,5636,48,0,965
428,214,6019,47,0,1369
430,215,6229,49,0,1601
432,216,6335,46,0,1728
434,217,6419,43,0,1833
436,218,6520,49,0,1955
438,219,6542,49,0,1998
440,220,6577,46,0,2054
442,221,9001,53,0,4498
444,222,8511,41,0,4028
446,223,8021,41,0,3558
448,224,5598,56,0,1155
450,225,8846,43,0,0
452,226,8808,41,0,0
454,227,8768,39,0,0
456,228,8730,55,0,0
458,229,8692,46,0,0
460,230,8656,48,0,0
462,231,8618,46,0,0
464,232,8580,49,0,0
466,233,8544,48,0,0
468,234,8508,45,0,0
470,235,8472,49,0,0
472,236,8436,47,0,0
474,237,8400,45,0,0
476,238,8366,49,0,0
478,239,8330,50,0,0
480,240,8296,48,0,0
482,241,8262,49,0,0
484,242,8228,48,0,0
486,243,8194,45,0,0
488,244,8160,46,0,0
490,245,8128,48,0,0
492,246,8094,50,0,0
494,247,8062,43,0,0
496,248,8030,47,0,0
498,249,7998,48,0,0
500,250,7966,50,0,0
502,251,7934,47,0,0
504,252,7902,50,0,0
506,253,7872,49,0,0
508,254,7840,48,0,0
510,255,7810,48,0,0
512,256,7780,46,0,0
514,257,7748,50,0,0
516,258,7720,46,0,0
518,259,7690,45,0,0
520,260,7660,47,0,0
522,261,7630,47,0,0
524,262,7602,48,0,0
526,263,7572,49,0,0
528,264,7544,49,0,0
530,265,7516,49,0,0
532,266,7488,46,0,0
534,267,7460,50,0,0
536,268,7432,39,0,0
538,269,7404,52,0,0
540,270,7378,47,0,0
542,271,7350,47,0,0
544,272,7324,48,0,0
546,273,7296,46,0,0
548,274,7270,48,0,0
550,275,7244,48,0,0
552,276,7218,49,0,0
554,277,7192,48,0,0
556,278,7166,55,0,0
558,279,7140,44,0,0
560,280,7114,48,0,0
562,281,7090,48,0,0
564,282,7064,47,0,0
566,283,7040,48,0,0
568,284,7014,45,0,0
570,285,6990,47,0,0
572,286,6966,47,0,0
574,287,6942,45,0,0
576,288,6918,43,0,0
578,289,6894,38,0,0
580,290,6870,46,0,0
582,291,6846,49,0,0
584,292,6822,49,0,0
586,293,6800,49,0,0
588,294,6776,47,0,0
590,295,6754,47,0,0
592,296,6732,49,0,0
594,297,6708,46,0,0
596,298,6686,49,0,0
598,299,6664,47,0,0
600,300,6642,45,0,0
602,301,6620,49,0,0
604,302,6598,52,0,0
606,303,6576,48,0,0
608,304,6554,48,0,0
610,305,6532,48,0,0
612,306,6512,47,0,0
614,307,6490,46,0,0
616,308,6470,45,0,0
618,309,6448,63,0,0
620,310,6428,51,0,0
622,311,9612,47,0,0
624,312,9579,47,0,0
626,313,9549,45,0,0
628,314,9519,46,0,0
630,315,9489,48,0,0
632,316,9459,50,0,0
634,317,9429,48,0,0
636,318,9399,46,0,0
638,319,9372,47,0,0
640,320,9342,49,0,0
642,321,9312,45,0,0
644,322,9282,48,0,0
646,323,9255,48,0,0
648,324,9225,45,0,0
650,325,9198,50,0,0
652,326,9171,47,0,0
654,327,9141,49,0,0
656,328,9114,48,0,0
658,329,9087,47,0,0
660,330,9060,49,0,0
662,331,9033,49,0,0
664,332,9006,47,0,0
666,333,8979,48,0,0
668,334,8952,58,0,0
670,335,8925,51,0,0
672,336,8898,48,0,0
674,337,8871,45,0,0
676,338,8844,50,0,0
678,339,8820,48,0,0
680,340,8793,45,0,0
682,341,8766,47,0,0
684,342,8742,48,0,0
686,343,8715,48,0,0
688,344,8691,48,0,0
690,345,8667,47,0,0
692,346,8640,45,0,0
694,347,8616,47,0,0
696,348,8592,47,0,0
698,349,8568,47,0,0
700,350,8544,49,0,0
702,351,8517,50,0,0
704,352,8493,47,0,0
706,353,8469,47,0,0
708,354,8445,49,0,0
710,355,8421,70,0,0
712,356,8400,44,0,0
714,357,8376,48,0,0
716,358,8352,46,0,0
718,359,8328,48,0,0
720,360,8307,50,0,0
722,361,8283,48,0,0
724,362,8259,47,0,0
726,363,8238,49,0,0
728,364,8214,49,0,0
730,365,8193,47,0,0
732,366,8169,44,0,0
734,367,8148,50,0,0
736,368,8127,48,0,0
738,369,8103,49,0,0
740,370,8082,49,0,0
742,371,8061,46,0,0
744,372,8037,48,0,0
746,373,8016,49,0,0
748,374,7995,47,0,0
750,375,7974,55,0,0
752,376,7953,42,0,0
754,377,7932,48,0,0
756,378,7911,45,0,0
758,379,7890,48,0,0
760,380,7869,47,0,0
762,381,7848,47,0,0
764,382,7827,49,0,0
766,383,7809,48,0,0
768,384,7788,48,0,0
770,385,10356,49,0,0
772,386,7746,41,0,0
774,387,10304,48,0,0
776,388,10276,48,0,0
778,389,10252,45,0,0
780,390,10224,46,0,0
782,391,10200,47,0,0
784,392,10172,47,0,0
786,393,10148,47,0,0
788,394,10120,48,0,0
790,395,10096,48,0,0
792,396,10068,47,0,0
794,397,10044,46,0,0
796,398,10020,48,0,0
798,399,9996,43,0,0
800,400,9968,45,0,0
802,401,9944,46,0,0
804,402,9920,47,0,0
806,403,9896,48,0,0
808,404,9872,49,0,0
810,405,9848,50,0,0
812,406,9824,48,0,0
814,407,9796,46,0,0
816,408,9772,49,0,0
818,409,9752,47,0,0
820,410,9728,41,0,0
822,411,9704,45,0,0
824,412,9680,49,0,0
826,413,9656,52,0,0
828,414,9632,48,0,0
830,415,9608,46,0,0
832,416,9588,45,0,0
834,417,9564,49,0,0
836,418,9540,49,0,0
838,419,9516,44,0,0
840,420,9496,39,0,0
842,421,9472,52,0,0
844,422,9452,51,0,0
846,423,9428,48,0,0
848,424,9404,47,0,0
850,425,9384,47,0,0
852,426,9360,47,0,0
854,427,9340,42,0,0
856,428,9320,49,0,0
858,429,9296,49,0,0
860,430,9276,50,0,0
862,431,9252,45,0,0
864,432,9232,48,0,0
866,433,9212,47,0,0
868,434,9188,48,0,0
870,435,9168,49,0,0
872,436,9148,48,0,0
874,437,9128,46,0,0
876,438,9104,49,0,0
878,439,9084,45,0,0
880,440,9064,43,0,0
882,441,9044,39,0,0
884,442,9024,49,0,0
886,443,9004,50,0,0
888,444,8984,49,0,0
890,445,8964,48,0,0
892,446,8944,48,0,0
894,447,8924,48,0,0
896,448,8904,49,0,0
898,449,8884,46,0,0
900,450,8864,50,0,0
902,451,8844,48,0,0
904,452,8824,45,0,0
906,453,8804,49,0,0
908,454,8784,48,0,0
910,455,8764,47,0,0
912,456,8748,49,0,0
914,457,8728,46,0,0
916,458,8708,49,0,0
918,459,8688,48,0,0
920,460,8672,44,0,0
922,461,8652,71,0,0
924,462,8632,52,0,0
926,463,8616,49,0,0
928,464,8596,49,0,0
930,465,8576,49,0,0
932,466,8560,48,0,0
934,467,8540,48,0,0
936,468,8524,47,0,0
938,469,8504,49,0,0
940,470,8488,47,0,0
942,471,8468,52,0,0
944,472,8452,49,0,0
946,473,10540,48,0,0
948,474,10520,47,0,0
950,475,8396,47,0,0
952,476,10475,47,0,0
954,477,10455,47,0,0
956,478,10430,51,0,0
958,479,10410,49,0,0
960,480,10390,44,0,0
962,481,10365,49,0,0
964,482,10345,47,0,0
966,483,10325,47,0,0
968,484,10300,52,0,0
970,485,10280,43,0,0
972,486,10260,45,0,0
974,487,10240,49,0,0
976,488,10215,46,0,0
978,489,10195,47,0,0
980,490,10175,49,0,0
982,491,10155,49,0,0
984,492,10135,50,0,0
986,493,10115,48,0,0
988,494,10095,49,0,0
990,495,10075,54,0,0
992,496,10055,48,0,0
994,497,10035,51,0,0
996,498,10015,48,0,0
998,499,9995,50,0,0
1000,500,9975,50,0,0
1002,501,9955,49,0,0
1004,502,9935,46,0,0
1006,503,9915,49,0,0
1008,504,9895,45,0,0
1010,505,9875,52,0,0
1012,506,9855,53,0,0
1014,507,9835,49,0,0
1016,508,9815,47,0,0
1018,509,9795,50,0,0
1020,510,9775,46,0,0
1022,511,9760,48,0,0
1024,512,9740,48,0,0
1026,513,9720,48,0,0
1028,514,9700,48,0,0
1030,515,9680,47,0,0
1032,516,9665,51,0,0
1034,517,9645,48,0,0
1036,518,9625,46,0,0
1038,519,9610,46,0,0
1040,520,9590,47,0,0
1042,521,9570,46,0,0
1044,522,9555,48,0,0
1046,523,9535,47,0,0
1048,524,9515,48,0,0
1050,525,9500,50,0,0
1052,526,9480,48,0,0
1054,527,9460,48,0,0
1056,528,9445,47,0,0
1058,529,9425,49,0,0
1060,530,9410,49,0,0
1062,531,9390,45,0,0
1064,532,9375,49,0,0
1066,533,9355,49,0,0
1068,534,9340,46,0,0
1070,535,9320,48,0,0
1072,536,9305,49,0,0
1074,537,9285,46,0,0
1076,538,9270,50,0,0
1078,539,9250,50,0,0
1080,540,9235,47,0,0
1082,541,9220,49,0,0
1084,542,9200,48,0,0
1086,543,9185,46,0,0
1088,544,9165,49,0,0
1090,545,10980,47,0,0
1092,546,9135,43,0,0
1094,547,9115,41,0,0
1096,548,10920,49,0,0
1098,549,10902,45,0,0
1100,550,9065,49,0,0
1102,551,9050,47,0,0
1104,552,10842,47,0,0
1106,553,10824,49,0,0
1108,554,9000,47,0,0
1110,555,10782,53,0,0
1112,556,10764,48,0,0
1114,557,10746,49,0,0
1116,558,10722,50,0,0
1118,559,10704,47,0,0
1120,560,10686,54,0,0
1122,561,10668,48,0,0
1124,562,10650,50,0,0
1126,563,10632,48,0,0
1128,564,10608,49,0,0
1130,565,10590,48,0,0
1132,566,10572,50,0,0
1134,567,10554,46,0,0
1136,568,10536,48,0,0
1138,569,10518,47,0,0
1140,570,10500,52,0,0
1142,571,10482,53,0,0
1144,572,10464,49,0,0
1146,573,10446,50,0,0
1148,574,10428,49,0,0
1150,575,10410,48,0,0
1152,576,10392,47,0,0
1154,577,10374,49,0,0
1156,578,10356,50,0,0
1158,579,10338,46,0,0
1160,580,10320,52,0,0
1162,581,10302,48,0,0
1164,582,10284,49,0,0
1166,583,10266,47,0,0
1168,584,10248,45,0,0
1170,585,10230,47,0,0
1172,586,10212,47,0,0
1174,587,10194,47,0,0
1176,588,10176,47,0,0
1178,589,10158,45,0,0
1180,590,10146,49,0,0
1182,591,10128,75,0,0
1184,592,10110,50,0,0
1186,593,10092,45,0,0
1188,594,10074,47,0,0
1190,595,10056,51,0,0
1192,596,10044,50,0,0
1194,597,10026,47,0,0
1196,598,10008,50,0,0
1198,599,9990,51,0,0
1200,600,9972,50,0,0
1202,601,9960,49,0,0
1204,602,9942,46,0,0
1206,603,9924,50,0,0
1208,604,9906,49,0,0
1210,605,9894,47,0,0
1212,606,9876,46,0,0
1214,607,9858,48,0,0
1216,608,9846,47,0,0
1218,609,9828,52,0,0
1220,610,9810,49,0,0
1222,611,9792,56,0,0
1224,612,9780,53,0,0
1226,613,9762,48,0,0
1228,614,9750,46,0,0
1230,615,9732,49,0,0
1232,616,9714,48,0,0
1234,617,9702,48,0,0
1236,618,9684,48,0,0
1238,619,9666,48,0,0
1240,620,9654,47,0,0
1242,621,9636,47,0,0
1244,622,9624,48,0,0
1246,623,11207,50,0,0
1248,624,9594,47,0,0
1250,625,11172,45,0,0
1252,626,11151,50,0,0
1254,627,11137,48,0,0
1256,628,11116,46,0,0
1258,629,11102,46,0,0
1260,630,11081,47,0,0
1262,631,11067,48,0,0
1264,632,11046,48,0,0
1266,633,11032,49,0,0
1268,634,11011,46,0,0
1270,635,10997,51,0,0
1272,636,10976,52,0,0
1274,637,10962,47,0,0
1276,638,10941,45,0,0
1278,639,10927,49,0,0
1280,640,10913,49,0,0
1282,641,10892,46,0,0
1284,642,10878,48,0,0
1286,643,10857,50,0,0
1288,644,10843,46,0,0
1290,645,10822,47,0,0
1292,646,10808,51,0,0
1294,647,10794,47,0,0
1296,648,10773,47,0,0
1298,649,10759,48,0,0
1300,650,10745,48,0,0
1302,651,10724,48,0,0
1304,652,10710,45,0,0
1306,653,10696,47,0,0
1308,654,10675,47,0,0
1310,655,10661,50,0,0
1312,656,10647,70,0,0
1314,657,10626,51,0,0
1316,658,10612,48,0,0
1318,659,10598,49,0,0
1320,660,10577,48,0,0
1322,661,10563,50,0,0
1324,662,10549,49,0,0
1326,663,10535,51,0,0
1328,664,10514,51,0,0
1330,665,10500,49,0,0
1332,666,10486,46,0,0
1334,667,10472,49,0,0
1336,668,10451,48,0,0
1338,669,10437,49,0,0
1340,670,10423,45,0,0
1342,671,10409,46,0,0
1344,672,10388,49,0,0
1346,673,10374,47,0,0
1348,674,10360,47,0,0
1350,675,10346,49,0,0
1352,676,10332,48,0,0
1354,677,10311,49,0,0
1356,678,10297,47,0,0
1358,679,10283,49,0,0
1360,680,10269,47,0,0
1362,681,10255,49,0,0
1364,682,10241,48,0,0
1366,683,10220,47,0,0
1368,684,10206,49,0,0
1370,685,10192,47,0,0
1372,686,10178,49,0,0
1374,687,10164,47,0,0
1376,688,10150,48,0,0
1378,689,10136,47,0,0
1380,690,10122,53,0,0
1382,691,10108,47,0,0
1384,692,10094,49,0,0
1386,693,10073,46,0,0
1388,694,10059,48,0,0
1390,695,10045,48,0,0
1392,696,10031,54,0,0
1394,697,10017,42,0,0
1396,698,10003,47,0,0
1398,699,9989,51,0,0
1400,700,9975,46,0,0
1402,701,9961,48,0,0
1404,702,9947,49,0,0
1406,703,11352,48,0,0
1408,704,11336,50,0,0
1410,705,11320,50,0,0
1412,706,11304,49,0,0
1414,707,11288,46,0,0
1416,708,11272,50,0,0
1418,709,11256,48,0,0
1420,710,11240,48,0,0
1422,711,11224,51,0,0
1424,712,11208,47,0,0
1426,713,11192,48,0,0
1428,714,11176,48,0,0
1430,715,11160,47,0,0
1432,716,11144,50,0,0
1434,717,11128,44,0,0
1436,718,11112,47,0,0
1438,719,11096,48,0,0
1440,720,11080,44,0,0
1442,721,11072,41,0,0
1444,722,11056,52,0,0
1446,723,11040,47,0,0
1448,724,11024,46,0,0
1450,725,11008,50,0,0
1452,726,10992,47,0,0
1454,727,10976,48,0,0
1456,728,10960,46,0,0
1458,729,10944,46,0,0
1460,730,10928,51,0,0
1462,731,10920,49,0,0
1464,732,10904,48,0,0
1466,733,10888,48,0,0
1468,734,10872,49,0,0
1470,735,10856,46,0,0
1472,736,10840,51,0,0
1474,737,10832,48,0,0
1476,738,10816,48,0,0
1478,739,10800,50,0,0
1480,740,10784,47,0,0
1482,741,10768,57,0,0
1484,742,10752,52,0,0
1486,743,10744,49,0,0
1488,744,10728,48,0,0
1490,745,10712,50,0,0
1492,746,10696,51,0,0
1494,747,10680,46,0,0
1496,748,10672,47,0,0
1498,749,10656,50,0,0
1500,750,10640,47,0,0
1502,751,10624,49,0,0
1504,752,10616,50,0,0
1506,753,10600,48,0,0
1508,754,10584,47,0,0
1510,755,10568,46,0,0
1512,756,10560,47,0,0
1514,757,10544,48,0,0
1516,758,10528,46,0,0
1518,759,10512,51,0,0
1520,760,10504,47,0,0
1522,761,10488,44,0,0
1524,762,10472,61,0,0
1526,763,10456,47,0,0
1528,764,10448,45,0,0
1530,765,10432,49,0,0
1532,766,10416,48,0,0
1534,767,10408,49,0,0
1536,768,10392,46,0,0
1538,769,10376,50,0,0
1540,770,10368,48,0,0
1542,771,10352,50,0,0
1544,772,10336,46,0,0
1546,773,10320,48,0,0
1548,774,10312,50,0,0
1550,775,10296,48,0,0
1552,776,10288,48,0,0
1554,777,10272,49,0,0
1556,778,10256,50,0,0
1558,779,10248,46,0,0
1560,780,11511,50,0,0
1562,781,11493,45,0,0
1564,782,10208,59,0,0
1566,783,11466,47,0,0
1568,784,11448,49,0,0
1570,785,11439,44,0,0
1572,786,11421,45,0,0
1574,787,11412,50,0,0
1576,788,11394,51,0,0
1578,789,11376,47,0,0
1580,790,11367,49,0,0
1582,791,11349,51,0,0
1584,792,11340,48,0,0
1586,793,11322,50,0,0
1588,794,11304,49,0,0
1590,795,11295,51,0,0
1592,796,11277,50,0,0
1594,797,11268,48,0,0
1596,798,11250,50,0,0
1598,799,11241,46,0,0
1600,800,11223,48,0,0
1602,801,11205,51,0,0
1604,802,11196,49,0,0
1606,803,11178,47,0,0
1608,804,11169,52,0,0
1610,805,11151,46,0,0
1612,806,11142,49,0,0
1614,807,11124,49,0,0
1616,808,11115,44,0,0
1618,809,11097,46,0,0
1620,810,11088,47,0,0
1622,811,11070,50,0,0
1624,812,11061,49,0,0
1626,813,11043,48,0,0
1628,814,11025,47,0,0
1630,815,11016,46,0,0
1632,816,10998,48,0,0
1634,817,10989,43,0,0
1636,818,10980,47,0,0
1638,819,10962,45,0,0
1640,820,10953,49,0,0
1642,821,10935,50,0,0
1644,822,10926,43,0,0
1646,823,10908,47,0,0
1648,824,10899,49,0,0
1650,825,10881,46,0,0
1652,826,10872,46,0,0
1654,827,10854,75,0,0
1656,828,10845,46,0,0
1658,829,10827,49,0,0
1660,830,10818,45,0,0
1662,831,10800,49,0,0
1664,832,10791,48,0,0
1666,833,10782,48,0,0
1668,834,10764,47,0,0
1670,835,10755,47,0,0
1672,836,10737,50,0,0
1674,837,10728,48,0,0
1676,838,10710,48,0,0
1678,839,10701,47,0,0
1680,840,10692,47,0,0
1682,841,10674,46,0,0
1684,842,10665,47,0,0
1686,843,10647,50,0,0
1688,844,10638,46,0,0
1690,845,10629,48,0,0
1692,846,10611,46,0,0
1694,847,10602,46,0,0
1696,848,10584,53,0,0
1698,849,10575,50,0,0
1700,850,10566,47,0,0
1702,851,10548,47,0,0
1704,852,10539,47,0,0
1706,853,10521,49,0,0
1708,854,10512,48,0,0
1710,855,10503,46,0,0
1712,856,10485,46,0,0
1714,857,10476,51,0,0
1716,858,10467,42,0,0
1718,859,10449,45,0,0
1720,860,10440,49,0,0
1722,861,10431,46,0,0
1724,862,11570,45,0,0
1726,863,10404,44,0,0
1728,864,11550,48,0,0
1730,865,11530,49,0,0
1732,866,11520,47,0,0
1734,867,11510,50,0,0
1736,868,11490,46,0,0
1738,869,11480,48,0,0
1740,870,11470,47,0,0
1742,871,11450,60,0,0
1744,872,11440,53,0,0
1746,873,11430,50,0,0
1748,874,11410,48,0,0
1750,875,11400,47,0,0
1752,876,11390,49,0,0
1754,877,11370,50,0,0
1756,878,11360,48,0,0
1758,879,11350,47,0,0
1760,880,11340,49,0,0
1762,881,11320,48,0,0
1764,882,11310,43,0,0
1766,883,11300,49,0,0
1768,884,11280,47,0,0
1770,885,11270,49,0,0
1772,886,11260,48,0,0
1774,887,11250,43,0,0
1776,888,11230,48,0,0
1778,889,11220,47,0,0
1780,890,11210,49,0,0
1782,891,11200,51,0,0
1784,892,11180,49,0,0
1786,893,11170,51,0,0
1788,894,11160,48,0,0
1790,895,11150,48,0,0
1792,896,11130,50,0,0
1794,897,11120,48,0,0
1796,898,11110,49,0,0
1798,899,11100,48,0,0
1800,900,11080,47,0,0
1802,901,11070,49,0,0
1804,902,11060,52,0,0
1806,903,11050,49,0,0
1808,904,11030,50,0,0
1810,905,11020,50,0,0
1812,906,11010,45,0,0
1814,907,11000,48,0,0
1816,908,10990,47,0,0
1818,909,10970,47,0,0
1820,910,10960,48,0,0
1822,911,10950,50,0,0
1824,912,10940,43,0,0
1826,913,10930,47,0,0
1828,914,10910,50,0,0
1830,915,10900,48,0,0
1832,916,10890,48,0,0
1834,917,10880,49,0,0
1836,918,10870,49,0,0
1838,919,10850,48,0,0
1840,920,10840,49,0,0
1842,921,10830,46,0,0
1844,922,10820,49,0,0
1846,923,10810,44,0,0
1848,924,10800,47,0,0
1850,925,10780,47,0,0
1852,926,10770,48,0,0
1854,927,10760,49,0,0
1856,928,10750,43,0,0
1858,929,10740,45,0,0
1860,930,10730,50,0,0
1862,931,10710,47,0,0
1864,932,10700,47,0,0
1866,933,10690,61,0,0
1868,934,10680,51,0,0
1870,935,10670,49,0,0
1872,936,11726,55,0,0
1874,937,11715,53,0,0
1876,938,11693,50,0,0
1878,939,11682,49,0,0
1880,940,11671,49,0,0
1882,941,11660,48,0,0
1884,942,11649,48,0,0
1886,943,11638,49,0,0
1888,944,11627,48,0,0
1890,945,11616,48,0,0
1892,946,11594,52,0,0
1894,947,11583,46,0,0
1896,948,11572,49,0,0
1898,949,11561,48,0,0
1900,950,11550,48,0,0
1902,951,11539,48,0,0
1904,952,11528,46,0,0
1906,953,11517,48,0,0
1908,954,11506,50,0,0
1910,955,11495,52,0,0
1912,956,11473,46,0,0
1914,957,11462,56,0,0
1916,958,11451,48,0,0
1918,959,11440,47,0,0
1920,960,11429,49,0,0
1922,961,11418,49,0,0
1924,962,11407,48,0,0
1926,963,11396,47,0,0
1928,964,11385,48,0,0
1930,965,11374,48,0,0
1932,966,11363,48,0,0
1934,967,11352,48,0,0
1936,968,11330,49,0,0
1938,969,11319,48,0,0
1940,970,11308,48,0,0
1942,971,11297,49,0,0
1944,972,11286,49,0,0
1946,973,11275,47,0,0
1948,974,11264,47,0,0
1950,975,11253,49,0,0
1952,976,11242,47,0,0
1954,977,11231,47,0,0
1956,978,11220,44,0,0
1958,979,11209,50,0,0
1960,980,11198,49,0,0
1962,981,11187,47,0,0
1964,982,11176,48,0,0
1966,983,11165,48,0,0
1968,984,11154,46,0,0
1970,985,11143,50,0,0
1972,986,11132,48,0,0
1974,987,11121,50,0,0
1976,988,11110,49,0,0
1978,989,11099,47,0,0
1980,990,11088,48,0,0
1982,991,11077,53,0,0
1984,992,11066,47,0,0
1986,993,11055,49,0,0
1988,994,11044,47,0,0
1990,995,11033,48,0,0
1992,996,11022,48,0,0
1994,997,11011,49,0,0
1996,998,11000,35,0,0
1998,999,10989,51,0,0
2000,1000,10978,48,0,0
2002,1001,10967,48,0,0
2004,1002,10956,50,0,0
2006,1003,10945,52,0,0
2008,1004,10934,49,0,0
2010,1005,10923,49,0,0
2012,1006,10912,51,0,0
2014,1007,10901,47,0,0
2016,1008,10890,45,0,0
2018,1009,10879,47,0,0
2020,1010,10868,51,0,0
2022,1011,10857,48,0,0
2024,1012,10846,47,0,0
2026,1013,10835,50,0,0
2028,1014,10824,49,0,0
2030,1015,11796,47,0,0
2032,1016,11784,47,0,0
2034,1017,11772,51,0,0
2036,1018,11760,48,0,0
2038,1019,11748,50,0,0
2040,1020,11736,45,0,0
2042,1021,11724,53,0,0
2044,1022,11712,61,0,0
2046,1023,11700,45,0,0
2048,1024,11688,48,0,0
2050,1025,11676,47,0,0
2052,1026,11664,50,0,0
2054,1027,11652,47,0,0
2056,1028,11640,47,0,0
2058,1029,11628,50,0,0
2060,1030,11616,49,0,0
2062,1031,11604,51,0,0
2064,1032,11604,45,0,0
2066,1033,11592,45,0,0
2068,1034,11580,46,0,0
2070,1035,11568,48,0,0
2072,1036,11556,47,0,0
2074,1037,11544,49,0,0
2076,1038,11532,47,0,0
2078,1039,11520,47,0,0
2080,1040,11508,47,0,0
2082,1041,11496,46,0,0
2084,1042,11484,51,0,0
2086,1043,11472,47,0,0
2088,1044,11460,49,0,0
2090,1045,11460,47,0,0
2092,1046,11448,50,0,0
2094,1047,11436,49,0,0
2096,1048,11424,48,0,0
2098,1049,11412,48,0,0
2100,1050,11400,48,0,0
2102,1051,11388,49,0,0
2104,1052,11376,47,0,0
2106,1053,11364,44,0,0
2108,1054,11352,45,0,0
2110,1055,11340,50,0,0
2112,1056,11340,47,0,0
2114,1057,11328,48,0,0
2116,1058,11316,44,0,0
2118,1059,11304,49,0,0
2120,1060,11292,47,0,0
2122,1061,11280,45,0,0
2124,1062,11268,44,0,0
2126,1063,11256,64,0,0
2128,1064,11244,52,0,0
2130,1065,11244,50,0,0
2132,1066,11232,49,0,0
2134,1067,11220,50,0,0
2136,1068,11208,50,0,0
2138,1069,11196,49,0,0
2140,1070,11184,50,0,0
2142,1071,11172,50,0,0
2144,1072,11160,51,0,0
2146,1073,11160,48,0,0
2148,1074,11148,49,0,0
2150,1075,11136,50,0,0
2152,1076,11124,48,0,0
2154,1077,11112,47,0,0
2156,1078,11100,48,0,0
2158,1079,11088,49,0,0
2160,1080,11088,46,0,0
2162,1081,11076,46,0,0
2164,1082,11064,47,0,0
2166,1083,11052,43,0,0
2168,1084,11040,49,0,0
2170,1085,11028,49,0,0
2172,1086,11016,49,0,0
2174,1087,11016,49,0,0
2176,1088,11004,49,0,0
2178,1089,11908,51,0,0
2180,1090,11895,49,0,0
2182,1091,11882,48,0,0
2184,1092,11869,45,0,0
2186,1093,11869,48,0,0
2188,1094,11856,47,0,0
2190,1095,11843,49,0,0
2192,1096,11830,50,0,0
2194,1097,11817,45,0,0
2196,1098,11804,46,0,0
2198,1099,11804,49,0,0
2200,1100,11791,48,0,0
2202,1101,11778,47,0,0
2204,1102,11765,50,0,0
2206,1103,11752,48,0,0
2208,1104,11739,46,0,0
2210,1105,11739,49,0,0
2212,1106,11726,53,0,0
2214,1107,11713,60,0,0
2216,1108,11700,40,0,0
2218,1109,11687,50,0,0
2220,1110,11687,48,0,0
2222,1111,11674,50,0,0
2224,1112,11661,51,0,0
2226,1113,11648,46,0,0
2228,1114,11635,50,0,0
2230,1115,11635,48,0,0
2232,1116,11622,50,0,0
2234,1117,11609,47,0,0
2236,1118,11596,46,0,0
2238,1119,11583,47,0,0
2240,1120,11583,50,0,0
2242,1121,11570,49,0,0
2244,1122,11557,48,0,0
2246,1123,11544,45,0,0
2248,1124,11531,46,0,0
2250,1125,11531,52,0,0
2252,1126,11518,46,0,0
2254,1127,11505,44,0,0
2256,1128,11492,73,0,0
2258,1129,11479,49,0,0
2260,1130,11479,49,0,0
2262,1131,11466,48,0,0
2264,1132,11453,50,0,0
2266,1133,11440,50,0,0
2268,1134,11440,47,0,0
2270,1135,11427,50,0,0
2272,1136,11414,48,0,0
2274,1137,11401,48,0,0
2276,1138,11388,45,0,0
2278,1139,11388,47,0,0
2280,1140,11375,50,0,0
2282,1141,11362,46,0,0
2284,1142,11349,48,0,0
2286,1143,11349,48,0,0
2288,1144,11336,47,0,0
2290,1145,11323,47,0,0
2292,1146,11310,48,0,0
2294,1147,11310,52,0,0
2296,1148,11297,46,0,0
2298,1149,11284,48,0,0
2300,1150,11271,51,0,0
2302,1151,11271,48,0,0
2304,1152,11258,48,0,0
2306,1153,11245,47,0,0
2308,1154,11232,48,0,0
2310,1155,11232,47,0,0
2312,1156,11219,47,0,0
2314,1157,11206,46,0,0
2316,1158,11193,52,0,0
2318,1159,11193,49,0,0
2320,1160,11180,47,0,0
2322,1161,11167,45,0,0
2324,1162,11154,49,0,0
2326,1163,11154,49,0,0
2328,1164,11141,44,0,0
2330,1165,11128,48,0,0
2332,1166,11970,48,0,0
2334,1167,11115,46,0,0
2336,1168,11956,50,0,0
2338,1169,11942,48,0,0
2340,1170,11928,48,0,0
2342,1171,11928,49,0,0
2344,1172,11914,43,0,0
2346,1173,11900,53,0,0
2348,1174,11900,47,0,0
2350,1175,11886,49,0,0
2352,1176,11872,48,0,0
2354,1177,11858,48,0,0
2356,1178,11858,48,0,0
2358,1179,11844,47,0,0
2360,1180,11830,50,0,0
2362,1181,11830,49,0,0
2364,1182,11816,51,0,0
2366,1183,11802,50,0,0
2368,1184,11788,48,0,0
2370,1185,11788,47,0,0
2372,1186,11774,53,0,0
2374,1187,11760,49,0,0
2376,1188,11760,44,0,0
2378,1189,11746,47,0,0
2380,1190,11732,47,0,0
2382,1191,11718,45,0,0
2384,1192,11718,45,0,0
2386,1193,11704,55,0,0
2388,1194,11690,50,0,0
2390,1195,11690,44,0,0
2392,1196,11676,48,0,0
2394,1197,11662,48,0,0
2396,1198,11662,45,0,0
2398,1199,11648,46,0,0
2400,1200,11634,50,0,0
2402,1201,11620,48,0,0
2404,1202,11620,49,0,0
2406,1203,11606,45,0,0
2408,1204,11592,46,0,0
2410,1205,11592,50,0,0
2412,1206,11578,48,0,0
2414,1207,11564,49,0,0
2416,1208,11564,49,0,0
2418,1209,11550,49,0,0
2420,1210,11536,46,0,0
2422,1211,11536,48,0,0
2424,1212,11522,51,0,0
2426,1213,11508,53,0,0
2428,1214,11508,53,0,0
2430,1215,11494,49,0,0
2432,1216,11480,48,0,0
2434,1217,11480,50,0,0
2436,1218,11466,49,0,0
2438,1219,11452,50,0,0
2440,1220,11452,50,0,0
2442,1221,11438,50,0,0
2444,1222,11424,47,0,0
2446,1223,11410,50,0,0
2448,1224,11410,50,0,0
2450,1225,11396,48,0,0
2452,1226,11382,45,0,0
2454,1227,11382,47,0,0
2456,1228,11368,50,0,0
2458,1229,11368,47,0,0
2460,1230,11354,48,0,0
2462,1231,11340,47,0,0
2464,1232,11340,49,0,0
2466,1233,11326,47,0,0
2468,1234,11312,70,0,0
2470,1235,11312,51,0,0
2472,1236,11298,47,0,0
2474,1237,11284,49,0,0
2476,1238,11284,51,0,0
2478,1239,11270,52,0,0
2480,1240,11256,48,0,0
2482,1241,11256,49,0,0
2484,1242,11242,48,0,0
2486,1243,11228,50,0,0
2488,1244,11228,50,0,0
2490,1245,12015,49,0,0
2492,1246,11200,47,0,0
2494,1247,12000,50,0,0
2496,1248,11186,50,0,0
2498,1249,11985,48,0,0
2500,1250,11970,50,0,0
2502,1251,11955,48,0,0
2504,1252,11955,47,0,0
2506,1253,11940,44,0,0
2508,1254,11925,46,0,0
2510,1255,11925,48,0,0
2512,1256,11910,47,0,0
2514,1257,11895,53,0,0
2516,1258,11895,46,0,0
2518,1259,11880,51,0,0
2520,1260,11880,47,0,0
2522,1261,11865,49,0,0
2524,1262,11850,49,0,0
2526,1263,11850,49,0,0
2528,1264,11835,48,0,0
2530,1265,11820,46,0,0
2532,1266,11820,47,0,0
2534,1267,11805,48,0,0
2536,1268,11805,50,0,0
2538,1269,11790,46,0,0
2540,1270,11775,48,0,0
2542,1271,11775,47,0,0
2544,1272,11760,49,0,0
2546,1273,11745,47,0,0
2548,1274,11745,48,0,0
2550,1275,11730,49,0,0
2552,1276,11730,48,0,0
2554,1277,11715,46,0,0
2556,1278,11700,43,0,0
2558,1279,11700,53,0,0
2560,1280,11685,50,0,0
2562,1281,11685,47,0,0
2564,1282,11670,47,0,0
2566,1283,11655,48,0,0
2568,1284,11655,49,0,0
2570,1285,11640,49,0,0
2572,1286,11640,47,0,0
2574,1287,11625,46,0,0
2576,1288,11610,47,0,0
2578,1289,11610,44,0,0
2580,1290,11595,47,0,0
2582,1291,11580,47,0,0
2584,1292,11580,50,0,0
2586,1293,11565,47,0,0
2588,1294,11565,47,0,0
2590,1295,11550,46,0,0
2592,1296,11550,50,0,0
2594,1297,11535,47,0,0
2596,1298,11520,51,0,0
2598,1299,11520,53,0,0
2600,1300,11505,48,0,0
2602,1301,11505,50,0,0
2604,1302,11490,46,0,0
2606,1303,11475,46,0,0
2608,1304,11475,50,0,0
2610,1305,11460,48,0,0
2612,1306,11460,45,0,0
2614,1307,11445,50,0,0
2616,1308,11430,51,0,0
2618,1309,11430,45,0,0
2620,1310,11415,44,0,0
2622,1311,11415,48,0,0
2624,1312,11400,50,0,0
2626,1313,11400,47,0,0
2628,1314,11385,47,0,0
2630,1315,11370,48,0,0
2632,1316,11370,47,0,0
2634,1317,11355,52,0,0
2636,1318,11355,51,0,0
2638,1319,11340,47,0,0
2640,1320,11340,38,0,0
2642,1321,11325,48,0,0
2644,1322,11310,50,0,0
2646,1323,11310,50,0,0
2648,1324,12048,45,0,0
2650,1325,12048,49,0,0
2652,1326,12032,48,0,0
2654,1327,11280,50,0,0
2656,1328,12016,50,0,0
2658,1329,12000,48,0,0
2660,1330,12000,51,0,0
2662,1331,11984,48,0,0
2664,1332,11984,49,0,0
2666,1333,11968,48,0,0
2668,1334,11968,46,0,0
2670,1335,11952,50,0,0
2672,1336,11936,48,0,0
2674,1337,11936,46,0,0
2676,1338,11920,51,0,0
2678,1339,11920,48,0,0
2680,1340,11904,47,0,0
2682,1341,11904,50,0,0
2684,1342,11888,47,0,0
2686,1343,11888,54,0,0
2688,1344,11872,53,0,0
2690,1345,11856,49,0,0
2692,1346,11856,49,0,0
2694,1347,11840,50,0,0
2696,1348,11840,49,0,0
2698,1349,11824,49,0,0
2700,1350,11824,46,0,0
2702,1351,11808,48,0,0
2704,1352,11808,46,0,0
2706,1353,11792,49,0,0
2708,1354,11792,51,0,0
2710,1355,11776,45,0,0
2712,1356,11760,47,0,0
2714,1357,11760,50,0,0
2716,1358,11744,48,0,0
2718,1359,11744,45,0,0
2720,1360,11728,50,0,0
2722,1361,11728,49,0,0
2724,1362,11712,46,0,0
2726,1363,11712,52,0,0
2728,1364,11696,74,0,0
2730,1365,11696,48,0,0
2732,1366,11680,49,0,0
2734,1367,11664,45,0,0
2736,1368,11664,49,0,0
2738,1369,11648,46,0,0
2740,1370,11648,49,0,0
2742,1371,11632,48,0,0
2744,1372,11632,48,0,0
2746,1373,11616,49,0,0
2748,1374,11616,55,0,0
2750,1375,11600,47,0,0
2752,1376,11600,50,0,0
2754,1377,11584,46,0,0
2756,1378,11584,48,0,0
2758,1379,11568,47,0,0
2760,1380,11568,49,0,0
2762,1381,11552,46,0,0
2764,1382,11552,49,0,0
2766,1383,11536,49,0,0
2768,1384,11536,46,0,0
2770,1385,11520,53,0,0
2772,1386,11504,49,0,0
2774,1387,11504,46,0,0
2776,1388,11488,49,0,0
2778,1389,11488,50,0,0
2780,1390,11472,47,0,0
2782,1391,11472,49,0,0
2784,1392,11456,47,0,0
2786,1393,11456,48,0,0
2788,1394,11440,47,0,0
2790,1395,11440,50,0,0
2792,1396,11424,47,0,0
2794,1397,11424,47,0,0
2796,1398,12121,46,0,0
2798,1399,11408,47,0,0
2800,1400,12104,51,0,0
2802,1401,11392,46,0,0
2804,1402,12087,45,0,0
2806,1403,12087,49,0,0
2808,1404,12070,47,0,0
2810,1405,11360,63,0,0
2812,1406,12053,47,0,0
2814,1407,12053,47,0,0
2816,1408,12036,50,0,0
2818,1409,12036,52,0,0
2820,1410,12019,49,0,0
2822,1411,12019,46,0,0
2824,1412,12002,48,0,0
2826,1413,12002,51,0,0
2828,1414,11985,46,0,0
2830,1415,11985,48,0,0
2832,1416,11968,50,0,0
2834,1417,11968,48,0,0
2836,1418,11951,48,0,0
2838,1419,11951,51,0,0
2840,1420,11934,47,0,0
2842,1421,11934,49,0,0
2844,1422,11917,47,0,0
2846,1423,11917,49,0,0
2848,1424,11900,48,0,0
2850,1425,11900,46,0,0
2852,1426,11883,50,0,0
2854,1427,11883,45,0,0
2856,1428,11866,46,0,0
2858,1429,11866,62,0,0
2860,1430,11849,51,0,0
2862,1431,11849,49,0,0
2864,1432,11832,49,0,0
2866,1433,11832,48,0,0
2868,1434,11815,50,0,0
2870,1435,11815,47,0,0
2872,1436,11798,46,0,0
2874,1437,11798,50,0,0
2876,1438,11781,49,0,0
2878,1439,11781,45,0,0
2880,1440,11764,48,0,0
2882,1441,11764,51,0,0
2884,1442,11764,48,0,0
2886,1443,11747,48,0,0
2888,1444,11747,47,0,0
2890,1445,11730,47,0,0
2892,1446,11730,46,0,0
2894,1447,11713,49,0,0
2896,1448,11713,47,0,0
2898,1449,11696,43,0,0
2900,1450,11696,53,0,0
2902,1451,11679,49,0,0
2904,1452,11679,48,0,0
2906,1453,11662,49,0,0
2908,1454,11662,48,0,0
2910,1455,11645,49,0,0
2912,1456,11645,47,0,0
2914,1457,11628,48,0,0
2916,1458,11628,47,0,0
2918,1459,11611,47,0,0
2920,1460,11611,48,0,0
2922,1461,11594,46,0,0
2924,1462,11594,47,0,0
2926,1463,11594,47,0,0
2928,1464,11577,47,0,0
2930,1465,11577,51,0,0
2932,1466,11560,49,0,0
2934,1467,11560,49,0,0
2936,1468,11543,50,0,0
2938,1469,11543,50,0,0
2940,1470,11526,66,0,0
2942,1471,11526,52,0,0
2944,1472,11509,49,0,0
2946,1473,11509,49,0,0
2948,1474,11492,49,0,0
2950,1475,11492,53,0,0
2952,1476,11492,49,0,0
2954,1477,12150,49,0,0
2956,1478,11475,48,0,0
2958,1479,12132,50,0,0
2960,1480,11458,46,0,0
2962,1481,12114,48,0,0
2964,1482,11441,50,0,0
2966,1483,12096,49,0,0
2968,1484,12096,48,0,0
2970,1485,12078,47,0,0
2972,1486,12078,48,0,0
2974,1487,12078,52,0,0
2976,1488,12060,48,0,0
2978,1489,12060,50,0,0
2980,1490,12042,48,0,0
2982,1491,12042,47,0,0
2984,1492,12024,47,0,0
2986,1493,12024,52,0,0
2988,1494,12006,45,0,0
2990,1495,12006,52,0,0
2992,1496,12006,46,0,0
2994,1497,11988,49,0,0
2996,1498,11988,49,0,0
2998,1499,11970,47,0,0
3000,1500,11970,47,0,0
3002,1501,11952,51,0,0
3004,1502,11952,49,0,0
3006,1503,11934,51,0,0
3008,1504,11934,46,0,0
3010,1505,11934,49,0,0
3012,1506,11916,50,0,0
3014,1507,11916,48,0,0
3016,1508,11898,50,0,0
3018,1509,11898,48,0,0
3020,1510,11880,47,0,0
3022,1511,11880,49,0,0
3024,1512,11862,48,0,0
3026,1513,11862,47,0,0
3028,1514,11862,61,0,0
3030,1515,11844,37,0,0
3032,1516,11844,47,0,0
3034,1517,11826,48,0,0
3036,1518,11826,47,0,0
3038,1519,11808,49,0,0
3040,1520,11808,49,0,0
3042,1521,11808,48,0,0
3044,1522,11790,46,0,0
3046,1523,11790,47,0,0
3048,1524,11772,52,0,0
3050,1525,11772,46,0,0
3052,1526,11754,47,0,0
3054,1527,11754,49,0,0
3056,1528,11754,47,0,0
3058,1529,11736,48,0,0
3060,1530,11736,48,0,0
3062,1531,11718,48,0,0
3064,1532,11718,47,0,0
3066,1533,11700,46,0,0
3068,1534,11700,50,0,0
3070,1535,11700,45,0,0
3072,1536,11682,52,0,0
3074,1537,11682,48,0,0
3076,1538,11664,48,0,0
3078,1539,11664,50,0,0
3080,1540,11646,45,0,0
3082,1541,11646,48,0,0
3084,1542,11646,51,0,0
3086,1543,11628,50,0,0
3088,1544,11628,47,0,0
3090,1545,11610,51,0,0
3092,1546,11610,49,0,0
3094,1547,11592,49,0,0
3096,1548,11592,48,0,0
3098,1549,11592,46,0,0
3100,1550,11574,51,0,0
3102,1551,11574,49,0,0
3104,1552,11556,49,0,0
3106,1553,11556,46,0,0
3108,1554,11556,45,0,0
3110,1555,12179,48,0,0
3112,1556,12179,47,0,0
3114,1557,12160,48,0,0
3116,1558,12160,51,0,0
3118,1559,12160,57,0,0
3120,1560,12141,49,0,0
3122,1561,12141,47,0,0
3124,1562,12122,46,0,0
3126,1563,12122,48,0,0
3128,1564,12103,51,0,0
3130,1565,12103,48,0,0
3132,1566,12103,48,0,0
3134,1567,12084,48,0,0
3136,1568,12084,51,0,0
3138,1569,12065,50,0,0
3140,1570,12065,47,0,0
3142,1571,12065,48,0,0
3144,1572,12046,46,0,0
3146,1573,12046,47,0,0
3148,1574,12027,49,0,0
3150,1575,12027,47,0,0
3152,1576,12027,47,0,0
3154,1577,12008,50,0,0
3156,1578,12008,47,0,0
3158,1579,11989,43,0,0
3160,1580,11989,39,0,0
3162,1581,11989,50,0,0
3164,1582,11970,48,0,0
3166,1583,11970,49,0,0
3168,1584,11951,49,0,0
3170,1585,11951,47,0,0
3172,1586,11951,50,0,0
3174,1587,11932,50,0,0
3176,1588,11932,50,0,0
3178,1589,11913,48,0,0
3180,1590,11913,43,0,0
3182,1591,11913,48,0,0
3184,1592,11894,45,0,0
3186,1593,11894,46,0,0
3188,1594,11875,50,0,0
3190,1595,11875,45,0,0
3192,1596,11875,48,0,0
3194,1597,11856,50,0,0
3196,1598,11856,47,0,0
3198,1599,11856,45,0,0
3200,1600,11837,60,0,0
3202,1601,11837,51,0,0
3204,1602,11818,48,0,0
3206,1603,11818,48,0,0
3208,1604,11818,46,0,0
3210,1605,11799,52,0,0
3212,1606,11799,49,0,0
3214,1607,11780,43,0,0
3216,1608,11780,47,0,0
3218,1609,11780,49,0,0
3220,1610,11761,46,0,0
3222,1611,11761,47,0,0
3224,1612,11742,48,0,0
3226,1613,11742,48,0,0
3228,1614,11742,47,0,0
3230,1615,11723,46,0,0
3232,1616,11723,47,0,0
3234,1617,11723,47,0,0
3236,1618,11704,49,0,0
3238,1619,11704,49,0,0
3240,1620,11685,57,0,0
3242,1621,11685,49,0,0
3244,1622,11685,50,0,0
3246,1623,11666,47,0,0
3248,1624,11666,49,0,0
3250,1625,11666,49,0,0
3252,1626,11647,48,0,0
3254,1627,11647,50,0,0
3256,1628,11628,50,0,0
3258,1629,11628,46,0,0
3260,1630,11628,50,0,0
3262,1631,11609,48,0,0
3264,1632,12220,48,0,0
3266,1633,11590,47,0,0
3268,1634,12200,51,0,0
3270,1635,12200,46,0,0
3272,1636,12180,48,0,0
3274,1637,12180,46,0,0
3276,1638,12180,48,0,0
3278,1639,12160,48,0,0
3280,1640,12160,46,0,0
3282,1641,12160,46,0,0
3284,1642,12140,47,0,0
3286,1643,12140,48,0,0
3288,1644,12120,44,0,0
3290,1645,12120,53,0,0
3292,1646,12120,47,0,0
3294,1647,12100,48,0,0
3296,1648,12100,50,0,0
3298,1649,12100,47,0,0
3300,1650,12080,45,0,0
3302,1651,12080,49,0,0
3304,1652,12060,49,0,0
3306,1653,12060,46,0,0
3308,1654,12060,52,0,0
3310,1655,12040,51,0,0
3312,1656,12040,49,0,0
3314,1657,12040,47,0,0
3316,1658,12020,46,0,0
3318,1659,12020,49,0,0
3320,1660,12020,46,0,0
3322,1661,12000,47,0,0
3324,1662,12000,47,0,0
3326,1663,11980,51,0,0
3328,1664,11980,44,0,0
3330,1665,11980,46,0,0
3332,1666,11960,44,0,0
3334,1667,11960,48,0,0
3336,1668,11960,49,0,0
3338,1669,11940,50,0,0
3340,1670,11940,47,0,0
3342,1671,11940,48,0,0
3344,1672,11920,47,0,0
3346,1673,11920,47,0,0
3348,1674,11920,47,0,0
3350,1675,11900,55,0,0
3352,1676,11900,44,0,0
3354,1677,11880,50,0,0
3356,1678,11880,46,0,0
3358,1679,11880,46,0,0
3360,1680,11860,50,0,0
3362,1681,11860,49,0,0
3364,1682,11860,47,0,0
3366,1683,11840,47,0,0
3368,1684,11840,46,0,0
3370,1685,11840,53,0,0
3372,1686,11820,36,0,0
3374,1687,11820,46,0,0
3376,1688,11820,47,0,0
3378,1689,11800,50,0,0
3380,1690,11800,50,0,0
3382,1691,11800,45,0,0
3384,1692,11780,49,0,0
3386,1693,11780,49,0,0
3388,1694,11760,45,0,0
3390,1695,11760,49,0,0
3392,1696,11760,51,0,0
3394,1697,11740,49,0,0
3396,1698,11740,46,0,0
3398,1699,11740,47,0,0
3400,1700,11720,47,0,0
3402,1701,11720,47,0,0
3404,1702,11720,48,0,0
3406,1703,11700,48,0,0
3408,1704,11700,47,0,0
3410,1705,11700,51,0,0
3412,1706,11680,59,0,0
3414,1707,11680,49,0,0
3416,1708,12264,47,0,0
3418,1709,11660,49,0,0
3420,1710,12243,52,0,0
3422,1711,11660,50,0,0
3424,1712,12222,48,0,0
3426,1713,12222,49,0,0
3428,1714,12222,47,0,0
3430,1715,12201,46,0,0
3432,1716,12201,49,0,0
3434,1717,12201,47,0,0
3436,1718,12180,47,0,0
3438,1719,12180,48,0,0
3440,1720,12180,44,0,0
3442,1721,12159,47,0,0
3444,1722,12159,48,0,0
3446,1723,12159,51,0,0
3448,1724,12138,49,0,0
3450,1725,12138,46,0,0
3452,1726,12138,47,0,0
3454,1727,12117,47,0,0
3456,1728,12117,47,0,0
3458,1729,12117,44,0,0
3460,1730,12096,45,0,0
3462,1731,12096,46,0,0
3464,1732,12096,49,0,0
3466,1733,12075,49,0,0
3468,1734,12075,52,0,0
3470,1735,12075,48,0,0
3472,1736,12054,49,0,0
3474,1737,12054,50,0,0
3476,1738,12054,48,0,0
3478,1739,12033,47,0,0
3480,1740,12033,50,0,0
3482,1741,12033,47,0,0
3484,1742,12012,50,0,0
3486,1743,12012,49,0,0
3488,1744,12012,49,0,0
3490,1745,11991,50,0,0
3492,1746,11991,46,0,0
3494,1747,11991,46,0,0
3496,1748,11970,48,0,0
3498,1749,11970,53,0,0
3500,1750,11970,54,0,0
3502,1751,11949,42,0,0
3504,1752,11949,48,0,0
3506,1753,11949,48,0,0
3508,1754,11928,50,0,0
3510,1755,11928,47,0,0
3512,1756,11928,46,0,0
3514,1757,11907,48,0,0
3516,1758,11907,46,0,0
3518,1759,11907,48,0,0
3520,1760,11886,48,0,0
3522,1761,11886,50,0,0
3524,1762,11886,46,0,0
3526,1763,11865,47,0,0
3528,1764,11865,46,0,0
3530,1765,11865,48,0,0
3532,1766,11844,51,0,0
3534,1767,11844,47,0,0
3536,1768,11844,49,0,0
3538,1769,11823,45,0,0
3540,1770,11823,50,0,0
3542,1771,11823,46,0,0
3544,1772,11823,51,0,0
3546,1773,11802,49,0,0
3548,1774,11802,49,0,0
3550,1775,11802,50,0,0
3552,1776,11781,50,0,0
3554,1777,11781,48,0,0
3556,1778,11781,50,0,0
3558,1779,11760,49,0,0
3560,1780,11760,51,0,0
3562,1781,11760,46,0,0
3564,1782,11739,44,0,0
3566,1783,11739,47,0,0
3568,1784,11739,50,0,0
3570,1785,11718,47,0,0
3572,1786,12276,47,0,0
3574,1787,11718,46,0,0
3576,1788,12254,47,0,0
3578,1789,11697,47,0,0
3580,1790,12254,46,0,0
3582,1791,12254,46,0,0
3584,1792,12232,52,0,0
3586,1793,12232,51,0,0
3588,1794,12232,48,0,0
3590,1795,12210,54,0,0
3592,1796,12210,51,0,0
3594,1797,12210,50,0,0
3596,1798,12188,48,0,0
3598,1799,12188,49,0,0
3600,1800,12188,51,0,0
3602,1801,12166,47,0,0
3604,1802,12166,45,0,0
3606,1803,12166,48,0,0
3608,1804,12166,48,0,0
3610,1805,12144,47,0,0
3612,1806,12144,49,0,0
3614,1807,12144,46,0,0
3616,1808,12122,48,0,0
3618,1809,12122,47,0,0
3620,1810,12122,47,0,0
3622,1811,12100,46,0,0
3624,1812,12100,49,0,0
3626,1813,12100,49,0,0
3628,1814,12078,50,0,0
3630,1815,12078,43,0,0
3632,1816,12078,44,0,0
3634,1817,12078,49,0,0
3636,1818,12056,47,0,0
3638,1819,12056,46,0,0
3640,1820,12056,49,0,0
3642,1821,12034,49,0,0
3644,1822,12034,48,0,0
3646,1823,12034,48,0,0
3648,1824,12012,46,0,0
3650,1825,12012,46,0,0
3652,1826,12012,49,0,0
3654,1827,12012,47,0,0
3656,1828,11990,48,0,0
3658,1829,11990,50,0,0
3660,1830,11990,48,0,0
3662,1831,11968,49,0,0
3664,1832,11968,46,0,0
3666,1833,11968,47,0,0
3668,1834,11946,47,0,0
3670,1835,11946,47,0,0
3672,1836,11946,56,0,0
3674,1837,11946,48,0,0
3676,1838,11924,49,0,0
3678,1839,11924,46,0,0
3680,1840,11924,51,0,0
3682,1841,11902,52,0,0
3684,1842,11902,49,0,0
3686,1843,11902,50,0,0
3688,1844,11902,48,0,0
3690,1845,11880,47,0,0
3692,1846,11880,52,0,0
3694,1847,11880,49,0,0
3696,1848,11858,50,0,0
3698,1849,11858,48,0,0
3700,1850,11858,50,0,0
3702,1851,11836,48,0,0
3704,1852,11836,47,0,0
3706,1853,11836,46,0,0
3708,1854,11836,48,0,0
3710,1855,11814,51,0,0
3712,1856,11814,57,0,0
3714,1857,11814,53,0,0
3716,1858,11792,49,0,0
3718,1859,11792,46,0,0
3720,1860,11792,49,0,0
3722,1861,11792,48,0,0
3724,1862,11770,48,0,0
3726,1863,11770,47,0,0
3728,1864,12305,50,0,0
3730,1865,11748,48,0,0
3732,1866,11748,47,0,0
3734,1867,12282,47,0,0
3736,1868,11748,47,0,0
3738,1869,12259,49,0,0
3740,1870,12259,46,0,0
3742,1871,12259,48,0,0
3744,1872,11704,47,0,0
3746,1873,12236,47,0,0
3748,1874,12236,49,0,0
3750,1875,12236,47,0,0
3752,1876,12213,47,0,0
3754,1877,12213,49,0,0
3756,1878,12213,52,0,0
3758,1879,12190,49,0,0
3760,1880,12190,49,0,0
3762,1881,12190,44,0,0
3764,1882,12190,48,0,0
3766,1883,12167,48,0,0
3768,1884,12167,49,0,0
3770,1885,12167,48,0,0
3772,1886,12144,48,0,0
3774,1887,12144,49,0,0
3776,1888,12144,48,0,0
3778,1889,12144,48,0,0
3780,1890,12121,50,0,0
3782,1891,12121,51,0,0
3784,1892,12121,47,0,0
3786,1893,12098,48,0,0
3788,1894,12098,52,0,0
3790,1895,12098,47,0,0
3792,1896,12098,46,0,0
3794,1897,12075,46,0,0
3796,1898,12075,47,0,0
3798,1899,12075,49,0,0
3800,1900,12075,49,0,0
3802,1901,12052,55,0,0
3804,1902,12052,51,0,0
3806,1903,12052,45,0,0
3808,1904,12029,49,0,0
3810,1905,12029,48,0,0
3812,1906,12029,47,0,0
3814,1907,12029,47,0,0
3816,1908,12006,51,0,0
3818,1909,12006,48,0,0
3820,1910,12006,49,0,0
3822,1911,12006,48,0,0
3824,1912,11983,46,0,0
3826,1913,11983,50,0,0
3828,1914,11983,48,0,0
3830,1915,11960,47,0,0
3832,1916,11960,47,0,0
3834,1917,11960,48,0,0
3836,1918,11960,46,0,0
3838,1919,11937,49,0,0
3840,1920,11937,47,0,0
3842,1921,11937,54,0,0
3844,1922,11937,52,0,0
3846,1923,11914,50,0,0
3848,1924,11914,46,0,0
3850,1925,11914,50,0,0
3852,1926,11891,50,0,0
3854,1927,11891,49,0,0
3856,1928,11891,47,0,0
3858,1929,11891,47,0,0
3860,1930,11868,46,0,0
3862,1931,11868,47,0,0
3864,1932,11868,43,0,0
3866,1933,11868,47,0,0
3868,1934,11845,50,0,0
3870,1935,11845,52,0,0
3872,1936,11845,49,0,0
3874,1937,11822,43,0,0
3876,1938,11822,48,0,0
3878,1939,11822,49,0,0
3880,1940,11822,46,0,0
3882,1941,11799,44,0,0
3884,1942,11799,54,0,0
3886,1943,12312,49,0,0
3888,1944,11799,51,0,0
3890,1945,12288,61,0,0
3892,1946,11776,48,0,0
3894,1947,12288,47,0,0
3896,1948,11776,49,0,0
3898,1949,12264,47,0,0
3900,1950,12264,48,0,0
3902,1951,12264,48,0,0
3904,1952,12264,50,0,0
3906,1953,12240,50,0,0
3908,1954,12240,48,0,0
3910,1955,12240,47,0,0
3912,1956,12216,48,0,0
3914,1957,12216,49,0,0
3916,1958,12216,46,0,0
3918,1959,12216,48,0,0
3920,1960,12192,48,0,0
3922,1961,12192,49,0,0
3924,1962,12192,49,0,0
3926,1963,12192,47,0,0
3928,1964,12168,46,0,0
3930,1965,12168,47,0,0
3932,1966,12168,70,0,0
3934,1967,12168,42,0,0
3936,1968,12144,49,0,0
3938,1969,12144,49,0,0
3940,1970,12144,49,0,0
3942,1971,12144,48,0,0
3944,1972,12120,49,0,0
3946,1973,12120,45,0,0
3948,1974,12120,51,0,0
3950,1975,12120,49,0,0
3952,1976,12096,52,0,0
3954,1977,12096,47,0,0
3956,1978,12096,50,0,0
3958,1979,12096,50,0,0
3960,1980,12072,49,0,0
3962,1981,12072,49,0,0
3964,1982,12072,46,0,0
3966,1983,12072,47,0,0
3968,1984,12048,46,0,0
3970,1985,12048,50,0,0
3972,1986,12048,43,0,0
3974,1987,12048,53,0,0
3976,1988,12024,51,0,0
3978,1989,12024,47,0,0
3980,1990,12024,48,0,0
3982,1991,12024,50,0,0
3984,1992,12000,49,0,0
3986,1993,12000,47,0,0
3988,1994,12000,50,0,0
3990,1995,12000,46,0,0
3992,1996,11976,50,0,0
3994,1997,11976,48,0,0
3996,1998,11976,45,0,0
3998,1999,11976,45,0,0
4000,2000,11952,53,0,0
4002,2001,11952,47,0,0
4004,2002,11952,45,0,0
4006,2003,11952,46,0,0
4008,2004,11928,51,0,0
4010,2005,11928,46,0,0
4012,2006,11928,45,0,0
4014,2007,11928,73,0,0
4016,2008,11904,52,0,0
4018,2009,11904,51,0,0
4020,2010,11904,47,0,0
4022,2011,11904,48,0,0
4024,2012,11880,50,0,0
4026,2013,11880,49,0,0
4028,2014,12375,49,0,0
4030,2015,11880,50,0,0
4032,2016,12350,49,0,0
4034,2017,11856,46,0,0
4036,2018,12350,50,0,0
4038,2019,11856,46,0,0
4040,2020,12325,49,0,0
4042,2021,12325,50,0,0
4044,2022,12325,47,0,0
4046,2023,12325,46,0,0
4048,2024,12300,52,0,0
4050,2025,12300,48,0,0
4052,2026,12300,47,0,0
4054,2027,12300,47,0,0
4056,2028,12275,49,0,0
4058,2029,12275,46,0,0
4060,2030,12275,47,0,0
4062,2031,12275,54,0,0
4064,2032,12250,51,0,0
4066,2033,12250,49,0,0
4068,2034,12250,49,0,0
4070,2035,12250,49,0,0
4072,2036,12225,50,0,0
4074,2037,12225,49,0,0
4076,2038,12225,46,0,0
4078,2039,12225,47,0,0
4080,2040,12200,49,0,0
4082,2041,12200,51,0,0
4084,2042,12200,46,0,0
4086,2043,12200,48,0,0
4088,2044,12175,47,0,0
4090,2045,12175,45,0,0
4092,2046,12175,49,0,0
4094,2047,12175,47,0,0
4096,2048,12175,47,0,0
4098,2049,12150,50,0,0
4100,2050,12150,45,0,0
4102,2051,12150,45,0,0
4104,2052,12150,51,0,0
4106,2053,12125,44,0,0
4108,2054,12125,48,0,0
4110,2055,12125,50,0,0
4112,2056,12125,48,0,0
4114,2057,12100,49,0,0
4116,2058,12100,49,0,0
4118,2059,12100,48,0,0
4120,2060,12100,48,0,0
4122,2061,12075,50,0,0
4124,2062,12075,51,0,0
4126,2063,12075,48,0,0
4128,2064,12075,47,0,0
4130,2065,12075,46,0,0
4132,2066,12050,48,0,0
4134,2067,12050,49,0,0
4136,2068,12050,45,0,0
4138,2069,12050,47,0,0
4140,2070,12025,49,0,0
4142,2071,12025,44,0,0
4144,2072,12025,67,0,0
4146,2073,12025,47,0,0
4148,2074,12000,47,0,0
4150,2075,12000,49,0,0
4152,2076,12000,46,0,0
4154,2077,12000,48,0,0
4156,2078,12000,47,0,0
4158,2079,11975,47,0,0
4160,2080,11975,51,0,0
4162,2081,11975,49,0,0
4164,2082,11975,46,0,0
4166,2083,11950,49,0,0
4168,2084,11950,48,0,0
4170,2085,11950,50,0,0
4172,2086,11950,46,0,0
4174,2087,11925,50,0,0
4176,2088,11925,48,0,0
4178,2089,11925,48,0,0
4180,2090,11925,49,0,0
4182,2091,11925,49,0,0
4184,2092,11900,43,0,0
4186,2093,11900,40,0,0
4188,2094,11900,43,0,0
4190,2095,11900,49,0,0
4192,2096,11875,48,0,0
4194,2097,11875,49,0,0
4196,2098,12350,48,0,0
4198,2099,11875,48,0,0
4200,2100,12324,47,0,0
4202,2101,12324,49,0,0
4204,2102,12324,49,0,0
4206,2103,12324,46,0,0
4208,2104,11850,47,0,0
4210,2105,12298,48,0,0
4212,2106,12298,48,0,0
4214,2107,12298,49,0,0
4216,2108,12298,50,0,0
4218,2109,12272,50,0,0
4220,2110,12272,50,0,0
4222,2111,12272,49,0,0
4224,2112,12272,50,0,0
4226,2113,12272,48,0,0
4228,2114,12246,48,0,0
4230,2115,12246,47,0,0
4232,2116,12246,44,0,0
4234,2117,12246,49,0,0
4236,2118,12220,49,0,0
4238,2119,12220,48,0,0
4240,2120,12220,50,0,0
4242,2121,12220,51,0,0
4244,2122,12220,46,0,0
4246,2123,12194,47,0,0
4248,2124,12194,47,0,0
4250,2125,12194,45,0,0
4252,2126,12194,48,0,0
4254,2127,12168,43,0,0
4256,2128,12168,47,0,0
4258,2129,12168,48,0,0
4260,2130,12168,45,0,0
4262,2131,12168,48,0,0
4264,2132,12142,48,0,0
4266,2133,12142,48,0,0
4268,2134,12142,48,0,0
4270,2135,12142,49,0,0
4272,2136,12116,44,0,0
4274,2137,12116,36,0,0
4276,2138,12116,47,0,0
4278,2139,12116,49,0,0
4280,2140,12116,48,0,0
4282,2141,12090,47,0,0
4284,2142,12090,53,0,0
4286,2143,12090,49,0,0
4288,2144,12090,50,0,0
4290,2145,12064,49,0,0
4292,2146,12064,49,0,0
4294,2147,12064,46,0,0
4296,2148,12064,50,0,0
4298,2149,12064,48,0,0
4300,2150,12038,46,0,0
4302,2151,12038,46,0,0
4304,2152,12038,51,0,0
4306,2153,12038,48,0,0
4308,2154,12038,46,0,0
4310,2155,12012,48,0,0
4312,2156,12012,47,0,0
4314,2157,12012,47,0,0
4316,2158,12012,41,0,0
4318,2159,11986,51,0,0
4320,2160,11986,49,0,0
4322,2161,11986,49,0,0
4324,2162,11986,48,0,0
4326,2163,11986,46,0,0
4328,2164,11960,51,0,0
4330,2165,11960,48,0,0
4332,2166,11960,45,0,0
4334,2167,11960,48,0,0
4336,2168,11960,50,0,0
4338,2169,11934,47,0,0
4340,2170,11934,49,0,0
4342,2171,11934,51,0,0
4344,2172,11934,49,0,0
4346,2173,12366,48,0,0
4348,2174,11908,48,0,0
4350,2175,12366,46,0,0
4352,2176,11908,45,0,0
4354,2177,11908,50,0,0
4356,2178,12339,46,0,0
4358,2179,12339,47,0,0
4360,2180,12339,47,0,0
4362,2181,12339,49,0,0
4364,2182,12339,49,0,0
4366,2183,12312,50,0,0
4368,2184,12312,49,0,0
4370,2185,12312,50,0,0
4372,2186,12312,48,0,0
4374,2187,12312,47,0,0
4376,2188,12285,46,0,0
4378,2189,12285,48,0,0
4380,2190,12285,48,0,0
4382,2191,12285,48,0,0
4384,2192,12258,48,0,0
4386,2193,12258,47,0,0
4388,2194,12258,47,0,0
4390,2195,12258,46,0,0
4392,2196,12258,50,0,0
4394,2197,12231,48,0,0
4396,2198,12231,48,0,0
4398,2199,12231,47,0,0
4400,2200,12231,51,0,0
4402,2201,12231,49,0,0
4404,2202,12204,65,0,0
4406,2203,12204,52,0,0
4408,2204,12204,51,0,0
4410,2205,12204,49,0,0
4412,2206,12204,51,0,0
4414,2207,12177,47,0,0
4416,2208,12177,47,0,0
4418,2209,12177,49,0,0
4420,2210,12177,49,0,0
4422,2211,12177,48,0,0
4424,2212,12150,46,0,0
4426,2213,12150,50,0,0
4428,2214,12150,51,0,0
4430,2215,12150,47,0,0
4432,2216,12150,49,0,0
4434,2217,12123,48,0,0
4436,2218,12123,46,0,0
4438,2219,12123,47,0,0
4440,2220,12123,50,0,0
4442,2221,12123,47,0,0
4444,2222,12096,52,0,0
4446,2223,12096,39,0,0
4448,2224,12096,45,0,0
4450,2225,12096,47,0,0
4452,2226,12096,49,0,0
4454,2227,12069,51,0,0
4456,2228,12069,48,0,0
4458,2229,12069,49,0,0
4460,2230,12069,46,0,0
4462,2231,12069,46,0,0
4464,2232,12042,48,0,0
4466,2233,12042,44,0,0
4468,2234,12042,47,0,0
4470,2235,12042,47,0,0
4472,2236,12042,51,0,0
4474,2237,12015,48,0,0
4476,2238,12015,45,0,0
4478,2239,12015,47,0,0
4480,2240,12015,48,0,0
4482,2241,12015,48,0,0
4484,2242,11988,49,0,0
4486,2243,11988,71,0,0
4488,2244,11988,48,0,0
4490,2245,11988,49,0,0
4492,2246,11988,49,0,0
4494,2247,11961,47,0,0
4496,2248,11961,49,0,0
4498,2249,11961,46,0,0
4500,2250,11961,47,0,0
4502,2251,11961,51,0,0
4504,2252,11934,50,0,0
4506,2253,11934,51,0,0
4508,2254,11934,46,0,0
4510,2255,12376,46,0,0
4512,2256,11934,47,0,0
4514,2257,12348,45,0,0
4516,2258,12348,47,0,0
4518,2259,12348,48,0,0
4520,2260,12348,45,0,0
4522,2261,12348,48,0,0
4524,2262,12320,45,0,0
4526,2263,12320,48,0,0
4528,2264,12320,49,0,0
4530,2265,12320,46,0,0
4532,2266,12320,47,0,0
4534,2267,12292,45,0,0
4536,2268,12292,52,0,0
4538,2269,12292,46,0,0
4540,2270,12292,46,0,0
4542,2271,12292,51,0,0
4544,2272,12264,49,0,0
4546,2273,12264,47,0,0
4548,2274,12264,49,0,0
4550,2275,12264,50,0,0
4552,2276,12264,51,0,0
4554,2277,12236,51,0,0
4556,2278,12236,48,0,0
4558,2279,12236,50,0,0
4560,2280,12236,47,0,0
4562,2281,12236,48,0,0
4564,2282,12236,48,0,0
4566,2283,12208,49,0,0
4568,2284,12208,49,0,0
4570,2285,12208,48,0,0
4572,2286,12208,47,0,0
4574,2287,12208,46,0,0
4576,2288,12180,49,0,0
4578,2289,12180,49,0,0
4580,2290,12180,48,0,0
4582,2291,12180,46,0,0
4584,2292,12180,50,0,0
4586,2293,12152,49,0,0
4588,2294,12152,49,0,0
4590,2295,12152,48,0,0
4592,2296,12152,46,0,0
4594,2297,12152,48,0,0
4596,2298,12124,45,0,0
4598,2299,12124,48,0,0
4600,2300,12124,47,0,0
4602,2301,12124,52,0,0
4604,2302,12124,48,0,0
4606,2303,12124,47,0,0
4608,2304,12096,48,0,0
4610,2305,12096,50,0,0
4612,2306,12096,48,0,0
4614,2307,12096,47,0,0
4616,2308,12096,56,0,0
4618,2309,12068,51,0,0
4620,2310,12068,51,0,0
4622,2311,12068,48,0,0
4624,2312,12068,48,0,0
4626,2313,12068,48,0,0
4628,2314,12040,49,0,0
4630,2315,12040,48,0,0
4632,2316,12040,51,0,0
4634,2317,12040,47,0,0
4636,2318,12040,50,0,0
4638,2319,12040,48,0,0
4640,2320,12012,50,0,0
4642,2321,12012,48,0,0
4644,2322,12012,48,0,0
4646,2323,12012,51,0,0
4648,2324,12012,47,0,0
4650,2325,11984,46,0,0
4652,2326,11984,48,0,0
4654,2327,11984,47,0,0
4656,2328,12412,48,0,0
4658,2329,11984,41,0,0
4660,2330,12412,47,0,0
4662,2331,11956,49,0,0
4664,2332,12383,47,0,0
4666,2333,12383,52,0,0
4668,2334,12383,49,0,0
4670,2335,11956,47,0,0
4672,2336,12354,48,0,0
4674,2337,12354,49,0,0
4676,2338,12354,48,0,0
4678,2339,12354,50,0,0
4680,2340,12354,51,0,0
4682,2341,12325,49,0,0
4684,2342,12325,49,0,0
4686,2343,12325,48,0,0
4688,2344,12325,50,0,0
4690,2345,12325,48,0,0
4692,2346,12325,49,0,0
4694,2347,12296,50,0,0
4696,2348,12296,47,0,0
4698,2349,12296,47,0,0
4700,2350,12296,51,0,0
4702,2351,12296,53,0,0
4704,2352,12267,43,0,0
4706,2353,12267,53,0,0
4708,2354,12267,51,0,0
4710,2355,12267,47,0,0
4712,2356,12267,49,0,0
4714,2357,12267,50,0,0
4716,2358,12238,48,0,0
4718,2359,12238,47,0,0
4720,2360,12238,48,0,0
4722,2361,12238,46,0,0
4724,2362,12238,50,0,0
4726,2363,12238,44,0,0
4728,2364,12209,48,0,0
4730,2365,12209,49,0,0
4732,2366,12209,48,0,0
4734,2367,12209,47,0,0
4736,2368,12209,49,0,0
4738,2369,12180,46,0,0
4740,2370,12180,47,0,0
4742,2371,12180,48,0,0
4744,2372,12180,46,0,0
4746,2373,12180,38,0,0
4748,2374,12180,50,0,0
4750,2375,12151,46,0,0
4752,2376,12151,47,0,0
4754,2377,12151,46,0,0
4756,2378,12151,49,0,0
4758,2379,12151,47,0,0
4760,2380,12122,51,0,0
4762,2381,12122,49,0,0
4764,2382,12122,49,0,0
4766,2383,12122,46,0,0
4768,2384,12122,48,0,0
4770,2385,12122,50,0,0
4772,2386,12093,49,0,0
4774,2387,12093,47,0,0
4776,2388,12093,46,0,0
4778,2389,12093,49,0,0
4780,2390,12093,46,0,0
4782,2391,12093,49,0,0
4784,2392,12064,46,0,0
4786,2393,12064,43,0,0
4788,2394,12064,40,0,0
4790,2395,12064,51,0,0
4792,2396,12064,48,0,0
4794,2397,12064,47,0,0
4796,2398,12035,48,0,0
4798,2399,12035,46,0,0
4800,2400,12035,48,0,0
4802,2401,12035,47,0,0
4804,2402,12035,47,0,0
4806,2403,12006,46,0,0
4808,2404,12006,51,0,0
4810,2405,12006,46,0,0
4812,2406,12006,46,0,0
4814,2407,12006,46,0,0
4816,2408,12006,50,0,0
4818,2409,11977,46,0,0
4820,2410,12390,50,0,0
4822,2411,12390,46,0,0
4824,2412,11977,48,0,0
4826,2413,12390,46,0,0
4828,2414,12390,47,0,0
4830,2415,12360,49,0,0
4832,2416,12360,46,0,0
4834,2417,12360,43,0,0
4836,2418,12360,53,0,0
4838,2419,12360,46,0,0
4840,2420,12360,45,0,0
4842,2421,12330,50,0,0
4844,2422,12330,48,0,0
4846,2423,12330,50,0,0
4848,2424,12330,48,0,0
4850,2425,12330,47,0,0
4852,2426,12330,47,0,0
4854,2427,12300,49,0,0
4856,2428,12300,46,0,0
4858,2429,12300,48,0,0
4860,2430,12300,49,0,0
4862,2431,12300,48,0,0
4864,2432,12300,50,0,0
4866,2433,12270,43,0,0
4868,2434,12270,49,0,0
4870,2435,12270,47,0,0
4872,2436,12270,47,0,0
4874,2437,12270,51,0,0
4876,2438,12270,55,0,0
4878,2439,12240,52,0,0
4880,2440,12240,49,0,0
4882,2441,12240,48,0,0
4884,2442,12240,48,0,0
4886,2443,12240,47,0,0
4888,2444,12210,48,0,0
4890,2445,12210,43,0,0
4892,2446,12210,50,0,0
4894,2447,12210,49,0,0
4896,2448,12210,46,0,0
4898,2449,12210,49,0,0
4900,2450,12180,47,0,0
4902,2451,12180,47,0,0
4904,2452,12180,47,0,0
4906,2453,12180,50,0,0
4908,2454,12180,46,0,0
4910,2455,12180,46,0,0
4912,2456,12180,47,0,0
4914,2457,12150,46,0,0
4916,2458,12150,44,0,0
4918,2459,12150,52,0,0
4920,2460,12150,46,0,0
4922,2461,12150,46,0,0
4924,2462,12150,50,0,0
4926,2463,12120,47,0,0
4928,2464,12120,45,0,0
4930,2465,12120,48,0,0
4932,2466,12120,48,0,0
4934,2467,12120,49,0,0
4936,2468,12120,47,0,0
4938,2469,12090,51,0,0
4940,2470,12090,46,0,0
4942,2471,12090,48,0,0
4944,2472,12090,47,0,0
4946,2473,12090,47,0,0
4948,2474,12090,48,0,0
4950,2475,12060,47,0,0
4952,2476,12060,48,0,0
4954,2477,12060,48,0,0
4956,2478,12060,44,0,0
4958,2479,12060,73,0,0
4960,2480,12060,46,0,0
4962,2481,12030,49,0,0
4964,2482,12030,44,0,0
4966,2483,12030,48,0,0
4968,2484,12030,49,0,0
4970,2485,12030,47,0,0
4972,2486,12030,45,0,0
4974,2487,12000,48,0,0
4976,2488,12400,48,0,0
4978,2489,12400,48,0,0
4980,2490,12400,48,0,0
4982,2491,12400,47,0,0
4984,2492,12400,47,0,0
4986,2493,12369,46,0,0
4988,2494,12369,45,0,0
4990,2495,12369,48,0,0
4992,2496,12369,50,0,0
4994,2497,12369,47,0,0
4996,2498,12369,46,0,0
4998,2499,12369,47,0,0
5000,2500,12369,47,0,0
